Time,Sequence,Count,Open,High,Low,Close,Volume,VWAP,BidVolume,AskVolume,ImpVolatility,OpenInterest
20190802-000000.000,0,426,2945.75,2946.5,2945.25,2945.25,607,2945.9118616145,309,298,,
20190802-000100.000,0,1088,2945.25,2945.25,2943,2944,1837,2943.9941480675,1039,798,,
20190802-000200.000,0,349,2944,2944.25,2943.25,2943.5,669,2943.74402092676,343,326,,
20190802-000300.000,0,205,2943.5,2944.25,2943.5,2943.75,332,2943.86972891566,175,157,,
20190802-000400.000,0,322,2943.75,2944.25,2943,2944.25,588,2943.57568027211,228,360,,
20190802-000500.000,0,355,2944.25,2944.25,2943,2943.25,582,2943.68170103093,338,244,,
20190802-000600.000,0,323,2943,2943.25,2942.75,2942.75,600,2943.01583333333,347,253,,
20190802-000700.000,0,352,2942.75,2943.75,2942.5,2943.75,517,2943.02998065764,235,282,,
20190802-000800.000,0,368,2943.75,2945,2943.5,2945,613,2944.4971451876,204,409,,
20190802-000900.000,0,421,2945,2945.75,2945,2945.5,641,2945.33775351014,308,333,,
20190802-001000.000,0,639,2945.5,2947.25,2945.5,2946.5,1120,2946.4796875,533,587,,
20190802-001100.000,0,238,2946.5,2947.25,2946.5,2947,337,2946.76261127596,167,170,,
20190802-001200.000,0,193,2947,2947.5,2947,2947.25,284,2947.28345070423,104,180,,
20190802-001300.000,0,171,2947.5,2947.5,2947,2947.25,256,2947.431640625,126,130,,
20190802-001400.000,0,502,2947.25,2948.5,2947.25,2948.25,1112,2948.01348920863,317,795,,
20190802-001500.000,0,296,2948.25,2948.5,2947.75,2947.75,545,2948.02155963303,258,287,,
20190802-001600.000,0,337,2948,2949.25,2947.75,2949.25,528,2948.56818181818,176,352,,
20190802-001700.000,0,541,2949.5,2950.5,2949,2950,998,2949.69488977956,358,640,,
20190802-001800.000,0,421,2950.25,2951.25,2949.75,2949.75,735,2950.49387755102,334,401,,
20190802-001900.000,0,302,2950,2950,2948.75,2949,508,2949.39124015748,312,196,,
20190802-002000.000,0,458,2948.75,2949.25,2947.75,2949,806,2948.65229528536,375,431,,
20190802-002100.000,0,247,2949.25,2949.25,2948.75,2948.75,365,2949.11301369863,189,176,,
20190802-002200.000,0,258,2948.75,2949,2948,2948,424,2948.44752358491,247,177,,
20190802-002300.000,0,373,2948,2948.5,2947,2947,606,2947.61716171617,382,224,,
20190802-002400.000,0,251,2947,2948,2947,2947.75,396,2947.66351010101,150,246,,
20190802-002500.000,0,302,2947.5,2947.5,2946.25,2946.5,474,2946.69567510549,315,159,,
20190802-002600.000,0,226,2946.75,2946.75,2945.75,2946,383,2946.32441253264,201,182,,
20190802-002700.000,0,194,2946,2946.75,2946,2946.5,287,2946.46777003484,126,161,,
20190802-002800.000,0,229,2946.5,2947.75,2946.5,2947.5,357,2947.1512605042,113,244,,
20190802-002900.000,0,199,2947.5,2947.75,2947.25,2947.5,351,2947.56339031339,171,180,,
20190802-003000.000,0,313,2947.5,2947.5,2945.75,2946.25,515,2946.4213592233,299,216,,
20190802-003100.000,0,156,2946.25,2947,2946.25,2946.75,274,2946.66058394161,132,142,,
20190802-003200.000,0,71,2946.75,2947,2946.25,2946.75,102,2946.6568627451,43,59,,
20190802-003300.000,0,277,2946.75,2946.75,2945.5,2945.75,442,2946.06617647059,276,166,,
20190802-003400.000,0,251,2945.75,2946.5,2945.5,2946.25,431,2945.91299303944,204,227,,
20190802-003500.000,0,315,2946,2946,2945,2945.25,523,2945.33508604207,286,237,,
20190802-003600.000,0,170,2945.25,2945.75,2945,2945.5,286,2945.43269230769,116,170,,
20190802-003700.000,0,310,2945.25,2945.5,2944.25,2944.75,524,2944.77528625954,284,240,,
20190802-003800.000,0,397,2944.75,2945,2943.5,2944,662,2944.10876132931,346,316,,
20190802-003900.000,0,261,2944,2945.25,2943.75,2945,462,2944.67911255411,176,286,,
20190802-004000.000,0,228,2945.25,2945.25,2944.25,2944.75,331,2944.7250755287,163,168,,
20190802-004100.000,0,194,2944.75,2945,2944.75,2945,284,2944.7948943662,108,176,,
20190802-004200.000,0,85,2945,2945,2944.5,2944.5,121,2944.78305785124,71,50,,
20190802-004300.000,0,117,2944.5,2945,2944.5,2944.75,213,2944.83098591549,95,118,,
20190802-004400.000,0,117,2944.75,2944.75,2944,2944.75,202,2944.32920792079,114,88,,
20190802-004500.000,0,246,2944.5,2945,2944.25,2944.5,435,2944.61954022989,209,226,,
20190802-004600.000,0,157,2944.5,2944.75,2943.75,2943.75,290,2944.15775862069,200,90,,
20190802-004700.000,0,116,2943.75,2944.25,2943.5,2944.25,165,2943.77575757576,86,79,,
20190802-004800.000,0,130,2944.5,2944.5,2943.5,2943.5,207,2943.93599033816,117,90,,
20190802-004900.000,0,131,2943.5,2944,2943.5,2943.75,201,2943.7723880597,110,91,,
20190802-005000.000,0,245,2943.5,2944,2943,2943.25,390,2943.47435897436,215,175,,
20190802-005100.000,0,394,2943.25,2943.75,2942.25,2942.25,710,2942.69542253521,422,288,,
20190802-005200.000,0,659,2942.25,2942.25,2941,2941.25,1202,2941.63935108153,619,583,,
20190802-005300.000,0,452,2941.5,2943.5,2941.5,2943.25,783,2942.52969348659,253,530,,
20190802-005400.000,0,291,2943,2943,2942.25,2942.25,476,2942.57142857143,290,186,,
20190802-005500.000,0,244,2942.25,2943,2942.25,2942.75,423,2942.72695035461,163,260,,
20190802-005600.000,0,149,2943,2943.5,2942.5,2943.5,420,2942.87797619048,109,311,,
20190802-005700.000,0,289,2943.5,2944.25,2943.25,2943.75,430,2943.84418604651,205,225,,
20190802-005800.000,0,84,2943.75,2944,2943.5,2943.75,142,2943.67957746479,62,80,,
20190802-005900.000,0,1643,2943.5,2943.5,2938.75,2939.75,2798,2940.53779485347,1763,1035,,
20190802-010000.000,0,735,2940,2942.25,2939.75,2942,1149,2940.81766753699,428,721,,
20190802-010100.000,0,308,2942,2942.5,2941.25,2942.25,450,2941.85722222222,226,224,,
20190802-010200.000,0,423,2942.25,2942.75,2942,2942.5,781,2942.3652368758,353,428,,
20190802-010300.000,0,467,2942.5,2944,2942.5,2943.5,724,2943.14813535912,295,429,,
20190802-010400.000,0,271,2943.5,2944.25,2943.25,2944,408,2943.79166666667,192,216,,
20190802-010500.000,0,356,2944,2944.25,2943,2943.25,561,2943.58021390374,310,251,,
20190802-010600.000,0,238,2943.25,2943.75,2943,2943.75,345,2943.41449275362,165,180,,
20190802-010700.000,0,88,2943.5,2943.75,2943.25,2943.75,153,2943.51797385621,70,83,,
20190802-010800.000,0,128,2943.75,2943.75,2943.5,2943.5,210,2943.61190476191,114,96,,
20190802-010900.000,0,243,2943.75,2944,2943.5,2943.5,396,2943.82575757576,173,223,,
20190802-011000.000,0,291,2943.25,2944.25,2943,2944.25,440,2943.80397727273,187,253,,
20190802-011100.000,0,117,2944.25,2944.5,2944,2944,179,2944.20391061453,100,79,,
20190802-011200.000,0,540,2944,2944,2942,2943,774,2942.67635658915,411,363,,
20190802-011300.000,0,358,2943.25,2944.5,2943.25,2943.75,529,2943.7797731569,280,249,,
20190802-011400.000,0,340,2943.75,2943.75,2942.75,2942.75,520,2943.19134615385,307,213,,
20190802-011500.000,0,369,2943,2943,2941.5,2942.25,550,2942.16409090909,309,241,,
20190802-011600.000,0,390,2942.25,2943.5,2942.25,2943.5,577,2943.01993067591,263,314,,
20190802-011700.000,0,375,2943.25,2944.75,2943.25,2944.5,518,2943.96862934363,190,328,,
20190802-011800.000,0,291,2944.5,2945,2944,2944.75,401,2944.36720698254,185,216,,
20190802-011900.000,0,401,2944.5,2944.75,2943.75,2944.25,595,2944.37731092437,332,263,,
20190802-012000.000,0,174,2944.25,2945,2944.25,2945,227,2944.39317180617,121,106,,
20190802-012100.000,0,246,2945,2945,2943.75,2944,365,2944.20547945206,210,155,,
20190802-012200.000,0,249,2944,2944.75,2943.75,2944.25,411,2944.37652068127,189,222,,
20190802-012300.000,0,160,2944.25,2944.25,2943.75,2944.25,286,2943.95891608392,170,116,,
20190802-012400.000,0,123,2944,2944.5,2944,2944.5,171,2944.13157894737,77,94,,
20190802-012500.000,0,168,2944.5,2945.25,2944.5,2945,243,2944.85905349794,80,163,,
20190802-012600.000,0,245,2944.75,2944.75,2944.25,2944.5,393,2944.56743002545,228,165,,
20190802-012700.000,0,238,2944.25,2944.75,2943.5,2944.5,357,2944.12535014006,187,170,,
20190802-012800.000,0,100,2944.25,2945,2944.25,2945,186,2944.59946236559,45,141,,
20190802-012900.000,0,203,2945,2945.5,2945,2945.25,329,2945.16337386018,146,183,,
20190802-013000.000,0,298,2945.25,2945.5,2944,2944,451,2944.75997782705,273,178,,
20190802-013100.000,0,256,2944.25,2945.25,2944.25,2945.25,403,2944.71339950372,138,265,,
20190802-013200.000,0,335,2945.25,2946,2945.25,2946,507,2945.59960552268,194,313,,
20190802-013300.000,0,246,2946,2946.25,2945.25,2945.5,410,2945.75243902439,169,241,,
20190802-013400.000,0,132,2945.5,2945.75,2945.5,2945.5,198,2945.65404040404,112,86,,
20190802-013500.000,0,303,2945.5,2947,2945.5,2946.75,490,2946.38469387755,164,326,,
20190802-013600.000,0,246,2946.75,2946.75,2945.5,2945.75,401,2946.02867830424,202,199,,
20190802-013700.000,0,216,2945.75,2946.5,2945.25,2945.5,361,2945.95706371191,150,211,,
20190802-013800.000,0,111,2945.5,2946,2945.25,2945.5,130,2945.59807692308,72,58,,
20190802-013900.000,0,114,2945.5,2945.75,2945.5,2945.5,146,2945.61815068493,84,62,,
20190802-014000.000,0,171,2945.5,2946.25,2945,2946.25,228,2945.7149122807,104,124,,
20190802-014100.000,0,140,2946.5,2946.75,2945.75,2945.75,184,2946.17255434783,91,93,,
20190802-014200.000,0,195,2946,2946.5,2945.75,2946.5,237,2946.1635021097,91,146,,
20190802-014300.000,0,260,2946.5,2947,2946.25,2946.75,373,2946.59986595174,158,215,,
20190802-014400.000,0,267,2946.75,2947,2946.25,2946.5,553,2946.77215189873,156,397,,
20190802-014500.000,0,180,2946.5,2946.75,2945.75,2945.75,255,2946.16568627451,149,106,,
20190802-014600.000,0,168,2945.75,2947.25,2945.75,2947.25,233,2946.580472103,75,158,,
20190802-014700.000,0,115,2947,2947.25,2946.5,2946.5,177,2946.80508474576,88,89,,
20190802-014800.000,0,97,2946.75,2946.75,2946.25,2946.25,124,2946.50806451613,70,54,,
20190802-014900.000,0,107,2946.25,2946.5,2945.75,2946,147,2946.15816326531,86,61,,
20190802-015000.000,0,388,2946,2946,2944.25,2944.5,541,2945.09842883549,306,235,,
20190802-015100.000,0,286,2944.5,2945.5,2944.5,2945.25,406,2944.93596059113,205,201,,
20190802-015200.000,0,170,2945,2945,2944.5,2944.75,209,2944.78708133971,108,101,,
20190802-015300.000,0,219,2945,2945.25,2944.5,2945.25,315,2944.98174603175,148,167,,
20190802-015400.000,0,254,2945.25,2947,2945.25,2947,372,2946.09475806452,127,245,,
20190802-015500.000,0,623,2946.75,2948.75,2946.75,2948.5,1090,2947.65940366973,348,742,,
20190802-015600.000,0,674,2948.5,2949.25,2947.75,2948,1050,2948.59452380952,481,569,,
20190802-015700.000,0,320,2948,2948,2946.5,2946.75,472,2947.19756355932,306,166,,
20190802-015800.000,0,290,2946.75,2948,2946.75,2947.75,548,2947.55383211679,237,311,,
20190802-015900.000,0,176,2948,2948,2947.5,2947.75,243,2947.85905349794,123,120,,
20190802-020000.000,0,462,2947.75,2949,2946.5,2946.75,621,2947.67069243156,343,278,,
20190802-020100.000,0,132,2946.75,2947.5,2946.75,2947,171,2947.20467836257,48,123,,
20190802-020200.000,0,87,2947.25,2947.5,2946.75,2947.5,142,2947.12147887324,63,79,,
20190802-020300.000,0,201,2947.25,2948.25,2947,2948,289,2947.64532871972,131,158,,
20190802-020400.000,0,176,2948.25,2948.5,2947.5,2947.75,223,2948.10874439462,110,113,,
20190802-020500.000,0,162,2947.75,2947.75,2947.5,2947.75,267,2947.57397003745,108,159,,
20190802-020600.000,0,77,2947.75,2947.75,2947.5,2947.5,96,2947.734375,37,59,,
20190802-020700.000,0,152,2947.75,2948,2947,2947.75,204,2947.56740196078,93,111,,
20190802-020800.000,0,255,2947.75,2949,2947.75,2949,348,2948.41379310345,159,189,,
20190802-020900.000,0,160,2948.75,2949,2948.75,2949,216,2948.82523148148,80,136,,
20190802-021000.000,0,224,2948.75,2948.75,2948.25,2948.25,299,2948.46237458194,145,154,,
20190802-021100.000,0,173,2948.25,2948.5,2948,2948.5,256,2948.177734375,147,109,,
20190802-021200.000,0,128,2948.25,2948.25,2948,2948,223,2948.10426008969,179,44,,
20190802-021300.000,0,132,2948,2948,2947.25,2947.5,191,2947.73821989529,113,78,,
20190802-021400.000,0,201,2947.75,2948,2947.25,2948,263,2947.73098859316,107,156,,
20190802-021500.000,0,161,2948,2948,2947,2947.25,225,2947.44888888889,110,115,,
20190802-021600.000,0,203,2947,2947.75,2947,2947.75,286,2947.36538461539,140,146,,
20190802-021700.000,0,199,2947.75,2948,2947.5,2948,289,2947.8339100346,129,160,,
20190802-021800.000,0,119,2948,2948.5,2947.75,2948.5,152,2948.23355263158,61,91,,
20190802-021900.000,0,144,2948.5,2948.5,2947.75,2947.75,213,2948.09741784038,158,55,,
20190802-022000.000,0,168,2948,2948,2947.25,2948,225,2947.76333333333,106,119,,
20190802-022100.000,0,142,2947.75,2948,2947,2947.75,194,2947.49871134021,88,106,,
20190802-022200.000,0,54,2948,2948,2947,2947,66,2947.48484848485,48,18,,
20190802-022300.000,0,193,2947,2948.25,2946.75,2948,284,2947.55017605634,131,153,,
20190802-022400.000,0,85,2948,2948.25,2948,2948,124,2948.01008064516,45,79,,
20190802-022500.000,0,346,2948,2949,2947.75,2948.75,478,2948.41474895398,210,268,,
20190802-022600.000,0,232,2948.75,2948.75,2946.75,2947,332,2947.49397590361,207,125,,
20190802-022700.000,0,219,2947,2947.5,2947,2947.25,287,2947.25958188153,147,140,,
20190802-022800.000,0,458,2947,2947.25,2946,2946.25,655,2946.45038167939,393,262,,
20190802-022900.000,0,258,2946.25,2946.75,2946,2946.25,349,2946.39040114613,217,132,,
20190802-023000.000,0,429,2946.5,2946.5,2944.5,2945,575,2945.42869565217,369,206,,
20190802-023100.000,0,581,2945,2945.5,2943.75,2944,855,2944.30701754386,517,338,,
20190802-023200.000,0,235,2944.25,2944.25,2943.25,2943.5,335,2943.62910447761,209,126,,
20190802-023300.000,0,191,2943.5,2944.25,2943.25,2944,256,2943.8447265625,117,139,,
20190802-023400.000,0,122,2944,2944.5,2944,2944.25,161,2944.19565217391,86,75,,
20190802-023500.000,0,462,2944.25,2944.25,2942.25,2942.5,766,2942.90437336815,520,246,,
20190802-023600.000,0,459,2942.75,2943.25,2942.25,2942.75,712,2942.80723314607,307,405,,
20190802-023700.000,0,648,2942.75,2942.75,2940.5,2940.75,1026,2941.54361598441,736,290,,
20190802-023800.000,0,325,2940.75,2941.75,2940.5,2941.5,498,2940.8453815261,230,268,,
20190802-023900.000,0,136,2941.75,2942,2941.5,2941.75,189,2941.83201058201,57,132,,
20190802-024000.000,0,211,2941.75,2942.5,2941.75,2942.25,361,2942.19944598338,131,230,,
20190802-024100.000,0,200,2942,2943,2942,2942.75,293,2942.57081911263,128,165,,
20190802-024200.000,0,137,2942.75,2943.25,2942.5,2943,199,2943.00753768844,70,129,,
20190802-024300.000,0,85,2943,2943.25,2942.75,2943.25,122,2943.0512295082,44,78,,
20190802-024400.000,0,85,2943.25,2943.25,2942.75,2942.75,210,2942.89523809524,72,138,,
20190802-024500.000,0,481,2942.75,2942.75,2941.25,2942,936,2942.0641025641,612,324,,
20190802-024600.000,0,490,2942.25,2942.75,2940.75,2941.5,847,2941.83913813459,422,425,,
20190802-024700.000,0,335,2941.5,2941.5,2940.25,2941,507,2940.74013806706,312,195,,
20190802-024800.000,0,195,2940.75,2942,2940.75,2942,297,2941.43771043771,106,191,,
20190802-024900.000,0,172,2941.75,2941.75,2941,2941.25,241,2941.38381742739,124,117,,
20190802-025000.000,0,98,2941,2942,2941,2942,152,2941.46381578947,56,96,,
20190802-025100.000,0,195,2942,2942.25,2941.25,2941.75,335,2941.76791044776,225,110,,
20190802-025200.000,0,269,2941.75,2943,2941.75,2943,450,2942.52666666667,161,289,,
20190802-025300.000,0,541,2943,2943.25,2941.5,2941.75,975,2942.36974358974,684,291,,
20190802-025400.000,0,91,2942,2942.5,2942,2942.25,145,2942.24137931034,61,84,,
20190802-025500.000,0,223,2942.5,2942.75,2942.25,2942.75,481,2942.54054054054,144,337,,
20190802-025600.000,0,229,2943,2943.75,2942.75,2943.5,312,2943.26602564103,130,182,,
20190802-025700.000,0,110,2943.5,2944,2943.5,2943.5,175,2943.65857142857,104,71,,
20190802-025800.000,0,105,2943.5,2943.5,2943,2943.25,138,2943.21557971015,79,59,,
20190802-025900.000,0,81,2943.25,2943.25,2942.75,2943,132,2943.08143939394,100,32,,
20190802-030000.000,0,237,2943,2943,2941.75,2941.75,338,2942.46301775148,245,93,,
20190802-030100.000,0,97,2941.75,2942.5,2941.75,2942.5,152,2942.07565789474,56,96,,
20190802-030200.000,0,129,2942.5,2942.5,2942.25,2942.25,198,2942.4154040404,105,93,,
20190802-030300.000,0,130,2942.25,2942.5,2941.75,2941.75,204,2942.15196078431,124,80,,
20190802-030400.000,0,87,2941.75,2942.5,2941.75,2942.5,140,2942.19285714286,51,89,,
20190802-030500.000,0,88,2942.5,2942.5,2942.25,2942.5,158,2942.34810126582,62,96,,
20190802-030600.000,0,174,2942.75,2943,2942.5,2942.5,279,2942.73028673835,121,158,,
20190802-030700.000,0,192,2942.75,2943.25,2942.5,2942.5,263,2942.80323193916,142,121,,
20190802-030800.000,0,103,2942.5,2943,2942.5,2942.75,155,2942.83709677419,49,106,,
20190802-030900.000,0,122,2942.75,2942.75,2941.75,2941.75,214,2942.33294392523,172,42,,
20190802-031000.000,0,242,2941.75,2942,2941.25,2942,366,2941.60382513661,228,138,,
20190802-031100.000,0,103,2941.75,2942.5,2941.75,2942.5,170,2942.31470588235,64,106,,
20190802-031200.000,0,79,2942.5,2942.75,2942.25,2942.25,110,2942.43409090909,57,53,,
20190802-031300.000,0,96,2942.5,2942.5,2942.25,2942.25,131,2942.32251908397,59,72,,
20190802-031400.000,0,93,2942.25,2942.75,2942.25,2942.25,119,2942.39285714286,63,56,,
20190802-031500.000,0,84,2942.5,2943,2942.25,2943,109,2942.66743119266,36,73,,
20190802-031600.000,0,156,2943,2943,2942.5,2942.5,208,2942.62740384615,129,79,,
20190802-031700.000,0,108,2942.5,2943.25,2942.25,2943,190,2942.94078947368,42,148,,
20190802-031800.000,0,120,2943.25,2943.5,2942.75,2942.75,187,2943.0949197861,109,78,,
20190802-031900.000,0,65,2942.5,2942.75,2942.5,2942.75,86,2942.74127906977,51,35,,
20190802-032000.000,0,31,2942.75,2943,2942.5,2943,36,2942.70138888889,19,17,,
20190802-032100.000,0,91,2943,2943.75,2943,2943.5,117,2943.41452991453,47,70,,
20190802-032200.000,0,122,2943.5,2943.5,2942.75,2943.25,152,2943.25328947368,87,65,,
20190802-032300.000,0,43,2943,2943.25,2943,2943.25,45,2943.23888888889,13,32,,
20190802-032400.000,0,55,2943.25,2943.5,2943,2943.25,74,2943.39527027027,47,27,,
20190802-032500.000,0,843,2943.25,2943.25,2940.25,2941.5,1212,2941.06724422442,745,467,,
20190802-032600.000,0,239,2941.25,2942,2941.25,2942,329,2941.58814589666,161,168,,
20190802-032700.000,0,111,2941.75,2941.75,2941.75,2941.75,164,2941.75,102,62,,
20190802-032800.000,0,91,2941.75,2942.25,2941.75,2942.25,138,2942.07608695652,32,106,,
20190802-032900.000,0,224,2942.25,2943,2941.5,2942.75,310,2942.35725806452,109,201,,
20190802-033000.000,0,204,2942.75,2943.25,2942.5,2943.25,282,2942.86968085106,140,142,,
20190802-033100.000,0,142,2943.25,2943.25,2943,2943.25,204,2943.1875,74,130,,
20190802-033200.000,0,245,2943.25,2943.5,2943,2943,431,2943.11600928074,267,164,,
20190802-033300.000,0,121,2943,2943.5,2942.75,2943.25,180,2943.26944444444,86,94,,
20190802-033400.000,0,91,2943.25,2943.75,2943.25,2943.5,110,2943.46136363636,41,69,,
20190802-033500.000,0,81,2943.5,2943.75,2943.5,2943.75,102,2943.50980392157,57,45,,
20190802-033600.000,0,123,2943.5,2943.75,2943.5,2943.75,158,2943.63291139241,73,85,,
20190802-033700.000,0,137,2943.75,2944,2943.75,2943.75,167,2943.75898203593,79,88,,
20190802-033800.000,0,222,2943.75,2944.25,2943.5,2943.75,307,2943.84690553746,115,192,,
20190802-033900.000,0,95,2943.75,2944,2943.75,2943.75,119,2943.75840336134,64,55,,
20190802-034000.000,0,116,2944,2944.25,2944,2944.25,195,2944.06025641026,90,105,,
20190802-034100.000,0,148,2944.25,2944.75,2944.25,2944.75,195,2944.4858974359,71,124,,
20190802-034200.000,0,77,2944.5,2944.75,2944.5,2944.5,93,2944.5188172043,40,53,,
20190802-034300.000,0,114,2944.75,2944.75,2944.25,2944.25,155,2944.51935483871,79,76,,
20190802-034400.000,0,61,2944.5,2944.5,2944.25,2944.5,92,2944.40217391304,32,60,,
20190802-034500.000,0,130,2944.5,2944.75,2944.5,2944.75,180,2944.65,86,94,,
20190802-034600.000,0,77,2944.75,2944.75,2944.5,2944.75,109,2944.74541284404,34,75,,
20190802-034700.000,0,169,2944.75,2945,2944,2944.25,259,2944.44208494209,138,121,,
20190802-034800.000,0,70,2944.25,2944.25,2944,2944.25,98,2944.2193877551,43,55,,
20190802-034900.000,0,24,2944.25,2944.5,2944,2944.5,29,2944.29310344828,5,24,,
20190802-035000.000,0,119,2944.5,2945,2944.25,2944.75,309,2944.63187702265,81,228,,
20190802-035100.000,0,198,2944.75,2945.5,2944.75,2945.25,329,2945.14589665654,123,206,,
20190802-035200.000,0,82,2945.25,2945.5,2945,2945.25,106,2945.25943396226,51,55,,
20190802-035300.000,0,138,2945.25,2945.75,2945,2945.75,261,2945.46551724138,118,143,,
20190802-035400.000,0,95,2945.75,2945.75,2945.25,2945.5,138,2945.43115942029,81,57,,
20190802-035500.000,0,6,2945.75,2945.75,2945.75,2945.75,10,2945.75,,10,,
20190802-035600.000,0,50,2945.75,2945.75,2945.5,2945.5,63,2945.73412698413,4,59,,
20190802-035700.000,0,65,2945.5,2945.5,2945.25,2945.5,98,2945.38010204082,76,22,,
20190802-035800.000,0,88,2945.5,2945.5,2945,2945,118,2945.13771186441,75,43,,
20190802-035900.000,0,149,2944.75,2945,2944.5,2944.5,234,2944.64209401709,164,70,,
20190802-040000.000,0,225,2944.5,2945.75,2944.5,2945.75,310,2945.15241935484,119,191,,
20190802-040100.000,0,94,2946,2946,2945.25,2945.25,158,2945.5917721519,85,73,,
20190802-040200.000,0,10,2945.25,2945.25,2945.25,2945.25,23,2945.25,,23,,
20190802-040300.000,0,89,2945.5,2945.75,2945,2945,172,2945.42296511628,123,49,,
20190802-040400.000,0,65,2945.25,2945.5,2945,2945.25,106,2945.19575471698,44,62,,
20190802-040500.000,0,63,2945.5,2945.5,2944.75,2944.75,90,2944.93888888889,59,31,,
20190802-040600.000,0,190,2944.75,2944.75,2944.25,2944.75,271,2944.54981549816,148,123,,
20190802-040700.000,0,79,2944.75,2945.25,2944.5,2944.75,121,2944.89876033058,68,53,,
20190802-040800.000,0,47,2944.75,2945.25,2944.75,2945,57,2945,23,34,,
20190802-040900.000,0,40,2945.25,2945.25,2945,2945.25,45,2945.24444444444,14,31,,
20190802-041000.000,0,66,2945.25,2945.25,2945,2945,89,2945.12078651685,60,29,,
20190802-041100.000,0,73,2944.75,2945.25,2944.75,2945.25,97,2945.11597938144,34,63,,
20190802-041200.000,0,31,2945.25,2945.5,2945.25,2945.25,41,2945.34756097561,3,38,,
20190802-041300.000,0,124,2945.5,2946,2945.5,2946,160,2945.709375,57,103,,
20190802-041400.000,0,60,2946,2946,2945.75,2946,71,2945.76408450704,52,19,,
20190802-041500.000,0,109,2946,2946,2945,2945.25,166,2945.39457831325,99,67,,
20190802-041600.000,0,63,2945.25,2945.5,2945.25,2945.5,86,2945.48837209302,33,53,,
20190802-041700.000,0,55,2945.75,2945.75,2945.75,2945.75,80,2945.75,40,40,,
20190802-041800.000,0,87,2945.75,2946,2945,2945.25,133,2945.42293233083,94,39,,
20190802-041900.000,0,11,2945.5,2945.5,2945.5,2945.5,12,2945.5,3,9,,
20190802-042000.000,0,63,2945.5,2945.5,2945.25,2945.5,87,2945.49712643678,45,42,,
20190802-042100.000,0,85,2945.5,2945.5,2945,2945.25,127,2945.31299212598,81,46,,
20190802-042200.000,0,93,2945.25,2945.5,2945,2945,140,2945.19821428571,75,65,,
20190802-042300.000,0,20,2945,2945,2944.75,2945,23,2944.96739130435,5,18,,
20190802-042400.000,0,37,2945,2945.5,2945,2945.5,83,2945.27409638554,8,75,,
20190802-042500.000,0,112,2945.75,2946,2945.5,2945.5,209,2945.8971291866,93,116,,
20190802-042600.000,0,44,2945.25,2945.5,2945.25,2945.5,63,2945.30158730159,40,23,,
20190802-042700.000,0,47,2945.5,2945.75,2945.5,2945.75,69,2945.73913043478,34,35,,
20190802-042800.000,0,53,2945.75,2946,2945.5,2945.75,76,2945.74342105263,39,37,,
20190802-042900.000,0,54,2945.75,2946,2945.75,2945.75,77,2945.82467532468,53,24,,
20190802-043000.000,0,115,2945.75,2946.25,2945.75,2946,166,2945.99397590361,75,91,,
20190802-043100.000,0,237,2946,2946.75,2946,2946.5,366,2946.3237704918,142,224,,
20190802-043200.000,0,273,2946.5,2947,2946.25,2946.5,464,2946.66702586207,246,218,,
20190802-043300.000,0,43,2946.25,2946.75,2946.25,2946.75,67,2946.52985074627,31,36,,
20190802-043400.000,0,70,2946.5,2947,2946.5,2947,121,2946.84710743802,33,88,,
20190802-043500.000,0,95,2947,2947,2946.25,2946.5,211,2946.79146919431,151,60,,
20190802-043600.000,0,22,2946.75,2946.75,2946.5,2946.5,45,2946.73888888889,7,38,,
20190802-043700.000,0,190,2946.75,2947.5,2946.75,2947.25,286,2947.22377622378,135,151,,
20190802-043800.000,0,160,2947.25,2947.5,2947.25,2947.25,241,2947.30705394191,118,123,,
20190802-043900.000,0,210,2947.5,2948,2947.25,2948,479,2947.52922755741,237,242,,
20190802-044000.000,0,305,2947.75,2948.5,2947.5,2947.5,547,2947.96937842779,241,306,,
20190802-044100.000,0,242,2947.5,2948.25,2947.25,2948.25,413,2947.66283292978,190,223,,
20190802-044200.000,0,88,2948,2948.25,2947.5,2947.75,175,2947.82857142857,116,59,,
20190802-044300.000,0,77,2947.75,2948,2947.5,2947.75,141,2947.65602836879,75,66,,
20190802-044400.000,0,88,2947.75,2948,2947.5,2948,153,2947.77777777778,55,98,,
20190802-044500.000,0,107,2947.75,2948.5,2947.75,2948.5,200,2948.21,88,112,,
20190802-044600.000,0,58,2948.25,2948.25,2947.75,2948,117,2948.03846153846,69,48,,
20190802-044700.000,0,45,2947.75,2948,2947.75,2947.75,86,2947.75872093023,67,19,,
20190802-044800.000,0,230,2947.75,2948.5,2947.75,2948.25,360,2948.13194444444,182,178,,
20190802-044900.000,0,64,2948.5,2948.5,2948,2948.25,98,2948.25,57,41,,
20190802-045000.000,0,36,2948.25,2948.25,2947.75,2948,62,2947.93548387097,52,10,,
20190802-045100.000,0,53,2948,2948.25,2947.75,2948.25,91,2948.12087912088,5,86,,
20190802-045200.000,0,35,2948.25,2948.5,2948,2948.25,52,2948.21634615385,35,17,,
20190802-045300.000,0,97,2948,2948.5,2948,2948.25,153,2948.14379084967,62,91,,
20190802-045400.000,0,62,2948.25,2948.5,2948,2948,112,2948.25,52,60,,
20190802-045500.000,0,104,2948,2948.5,2948,2948,176,2948.31392045455,87,89,,
20190802-045600.000,0,45,2948,2948.25,2947.75,2948,94,2948,61,33,,
20190802-045700.000,0,115,2948,2948.5,2948,2948.5,190,2948.28289473684,96,94,,
20190802-045800.000,0,93,2948.5,2949,2948.25,2948.5,186,2948.69086021505,92,94,,
20190802-045900.000,0,185,2948.25,2948.5,2947.5,2947.75,285,2947.84385964912,187,98,,
20190802-050000.000,0,250,2947.75,2948.5,2947.75,2948.25,767,2948.08050847458,176,591,,
20190802-050100.000,0,191,2948.25,2948.5,2948,2948.5,416,2948.05829326923,269,147,,
20190802-050200.000,0,47,2948.25,2948.5,2948.25,2948.5,64,2948.26171875,37,27,,
20190802-050300.000,0,136,2948.5,2948.5,2948,2948.5,411,2948.39720194647,126,285,,
20190802-050400.000,0,75,2948.25,2948.5,2948,2948.25,166,2948.26054216868,126,40,,
20190802-050500.000,0,84,2948,2948.25,2948,2948.25,130,2948.23846153846,77,53,,
20190802-050600.000,0,153,2948,2948.25,2947.5,2947.75,220,2947.66022727273,136,84,,
20190802-050700.000,0,44,2947.75,2947.75,2947.5,2947.75,70,2947.63571428571,54,16,,
20190802-050800.000,0,112,2947.75,2948,2947.5,2948,196,2947.75892857143,82,114,,
20190802-050900.000,0,135,2948,2948,2947.25,2947.5,276,2947.57971014493,216,60,,
20190802-051000.000,0,80,2947.5,2947.75,2947.25,2947.5,142,2947.5088028169,86,56,,
20190802-051100.000,0,69,2947.5,2947.5,2947.25,2947.5,120,2947.49583333333,77,43,,
20190802-051200.000,0,51,2947.5,2947.75,2947.25,2947.75,84,2947.48214285714,43,41,,
20190802-051300.000,0,37,2947.5,2947.75,2947.5,2947.5,54,2947.50462962963,32,22,,
20190802-051400.000,0,117,2947.75,2947.75,2947.5,2947.5,173,2947.69942196532,75,98,,
20190802-051500.000,0,103,2947.25,2947.5,2947.25,2947.25,161,2947.31832298137,88,73,,
20190802-051600.000,0,37,2947.25,2947.5,2947.25,2947.25,54,2947.34259259259,37,17,,
20190802-051700.000,0,57,2947.25,2947.25,2947,2947.25,73,2947.22602739726,41,32,,
20190802-051800.000,0,99,2947.5,2947.75,2947.25,2947.5,202,2947.50247524752,124,78,,
20190802-051900.000,0,82,2947.5,2947.75,2947.25,2947.75,188,2947.59574468085,66,122,,
20190802-052000.000,0,81,2947.5,2947.5,2947.25,2947.5,112,2947.35714285714,70,42,,
20190802-052100.000,0,35,2947.5,2947.5,2947.25,2947.5,59,2947.48728813559,25,34,,
20190802-052200.000,0,18,2947.75,2947.75,2947.5,2947.5,21,2947.59523809524,13,8,,
20190802-052300.000,0,106,2947.75,2947.75,2947.25,2947.5,213,2947.50117370892,143,70,,
20190802-052400.000,0,88,2947.5,2947.75,2947,2947.25,129,2947.31201550388,80,49,,
20190802-052500.000,0,42,2947.25,2947.5,2947.25,2947.25,60,2947.29583333333,25,35,,
20190802-052600.000,0,34,2947.25,2947.5,2947,2947,80,2947.234375,60,20,,
20190802-052700.000,0,103,2947,2947.5,2947,2947.5,180,2947.18333333333,78,102,,
20190802-052800.000,0,124,2947.5,2948,2947.5,2947.75,232,2947.71120689655,110,122,,
20190802-052900.000,0,92,2947.75,2948,2947.5,2947.75,326,2947.91257668712,84,242,,
20190802-053000.000,0,72,2947.75,2948,2947.5,2948,159,2947.95597484277,2,157,,
20190802-053100.000,0,210,2948,2948,2947.25,2947.5,429,2947.51398601399,295,134,,
20190802-053200.000,0,200,2947.5,2947.5,2947,2947,348,2947.33045977012,226,122,,
20190802-053300.000,0,111,2947,2947,2946.5,2947,206,2946.80097087379,128,78,,
20190802-053400.000,0,128,2946.75,2947,2946.5,2947,228,2946.8201754386,120,108,,
20190802-053500.000,0,115,2947,2947,2946.5,2946.75,230,2946.66956521739,160,70,,
20190802-053600.000,0,109,2946.5,2946.5,2946,2946.25,184,2946.32472826087,121,63,,
20190802-053700.000,0,114,2946.25,2946.75,2946.25,2946.25,233,2946.52145922747,127,106,,
20190802-053800.000,0,20,2946.5,2946.75,2946.25,2946.75,32,2946.5625,14,18,,
20190802-053900.000,0,80,2946.5,2946.5,2946.25,2946.5,126,2946.3869047619,74,52,,
20190802-054000.000,0,86,2946.5,2947,2946.5,2947,222,2946.89076576577,85,137,,
20190802-054100.000,0,120,2947,2947.5,2947,2947.5,195,2947.14487179487,48,147,,
20190802-054200.000,0,143,2947.75,2947.75,2947.5,2947.75,259,2947.70077220077,113,146,,
20190802-054300.000,0,110,2947.75,2948,2947.5,2948,219,2947.87100456621,52,167,,
20190802-054400.000,0,71,2948,2948,2947.5,2948,126,2947.75595238095,84,42,,
20190802-054500.000,0,120,2948,2948,2947.5,2947.5,272,2947.79044117647,130,142,,
20190802-054600.000,0,24,2947.75,2948,2947.75,2947.75,68,2947.80514705882,5,63,,
20190802-054700.000,0,171,2947.75,2947.75,2947.25,2947.75,302,2947.53476821192,182,120,,
20190802-054800.000,0,52,2948,2948,2947.75,2948,124,2947.77620967742,74,50,,
20190802-054900.000,0,159,2948,2948.25,2947.25,2947.5,360,2947.96666666667,125,235,,
20190802-055000.000,0,73,2947.5,2947.75,2947.5,2947.5,110,2947.51363636364,68,42,,
20190802-055100.000,0,73,2947.5,2947.75,2947.25,2947.75,97,2947.66237113402,48,49,,
20190802-055200.000,0,80,2947.75,2948.25,2947.75,2948,135,2947.92592592593,77,58,,
20190802-055300.000,0,121,2948,2948.25,2948,2948,224,2948.11495535714,84,140,,
20190802-055400.000,0,74,2948,2948.25,2947.75,2948,151,2948.07450331126,59,92,,
20190802-055500.000,0,94,2948,2948,2947.5,2947.75,126,2947.75,52,74,,
20190802-055600.000,0,20,2947.75,2948,2947.75,2947.75,24,2947.80208333333,19,5,,
20190802-055700.000,0,48,2947.75,2948,2947.5,2947.75,87,2947.79022988506,40,47,,
20190802-055800.000,0,85,2948,2948,2947.75,2948,140,2947.99107142857,47,93,,
20190802-055900.000,0,145,2948,2948.5,2947.75,2948.25,365,2948.1897260274,32,333,,
20190802-060000.000,0,596,2948.5,2949,2948.25,2949,1507,2948.6094890511,318,1189,,
20190802-060100.000,0,524,2949,2949.5,2949,2949.25,1429,2949.26819454164,382,1047,,
20190802-060200.000,0,283,2949.25,2949.25,2948.5,2948.5,462,2948.80140692641,295,167,,
20190802-060300.000,0,179,2948.5,2949,2948.25,2948.75,316,2948.74287974684,112,204,,
20190802-060400.000,0,149,2948.75,2948.75,2948.25,2948.5,255,2948.54411764706,147,108,,
20190802-060500.000,0,403,2948.25,2948.5,2947.5,2948,715,2947.97377622378,404,311,,
20190802-060600.000,0,214,2948,2948.5,2947.75,2948.5,406,2948.15147783251,218,188,,
20190802-060700.000,0,301,2948.5,2949.25,2948.5,2948.5,592,2948.921875,314,278,,
20190802-060800.000,0,554,2948.5,2948.5,2946.75,2946.75,1011,2947.49752720079,568,443,,
20190802-060900.000,0,326,2947,2947.25,2946.5,2947,545,2946.8247706422,271,274,,
20190802-061000.000,0,314,2947.25,2947.5,2946.25,2946.75,529,2946.94423440454,312,217,,
20190802-061100.000,0,240,2946.5,2946.5,2946,2946,365,2946.23561643836,178,187,,
20190802-061200.000,0,284,2946.25,2947,2946.25,2947,457,2946.63785557987,217,240,,
20190802-061300.000,0,204,2947,2947,2946.5,2947,315,2946.69603174603,141,174,,
20190802-061400.000,0,193,2947,2947.25,2946.5,2946.75,293,2947.01023890785,162,131,,
20190802-061500.000,0,139,2946.75,2947.75,2946.75,2947.5,212,2947.3125,111,101,,
20190802-061600.000,0,168,2947.5,2948,2947.5,2947.75,264,2947.78693181818,113,151,,
20190802-061700.000,0,239,2947.5,2948.75,2947.5,2948.5,375,2948.30266666667,164,211,,
20190802-061800.000,0,247,2948.75,2949.25,2948.75,2948.75,402,2948.88184079602,206,196,,
20190802-061900.000,0,278,2949,2949,2948.5,2948.5,505,2948.81732673267,292,213,,
20190802-062000.000,0,244,2948.75,2948.75,2948.25,2948.5,389,2948.50835475578,180,209,,
20190802-062100.000,0,145,2948.5,2949,2948.5,2948.75,204,2948.85049019608,75,129,,
20190802-062200.000,0,80,2948.5,2948.75,2948.5,2948.75,206,2948.54368932039,128,78,,
20190802-062300.000,0,337,2948.75,2949.25,2948.75,2949,551,2949.12931034483,245,306,,
20190802-062400.000,0,235,2949,2949.25,2948.5,2948.5,414,2948.7077294686,199,215,,
20190802-062500.000,0,319,2948.75,2949.75,2948.75,2949.5,827,2949.53022974607,170,657,,
20190802-062600.000,0,171,2949.5,2949.5,2949.25,2949.25,269,2949.25650557621,118,151,,
20190802-062700.000,0,54,2949.5,2949.5,2949.25,2949.25,93,2949.26612903226,71,22,,
20190802-062800.000,0,115,2949.25,2949.5,2949,2949,198,2949.17171717172,115,83,,
20190802-062900.000,0,174,2949.25,2949.5,2949,2949.5,322,2949.33695652174,107,215,,
20190802-063000.000,0,428,2949.75,2950.25,2949.5,2949.5,1384,2949.94635115607,390,994,,
20190802-063100.000,0,190,2949.75,2950.25,2949.75,2950,416,2949.96274038462,114,302,,
20190802-063200.000,0,139,2950,2950.25,2949.75,2950.25,343,2950.1304664723,75,268,,
20190802-063300.000,0,239,2950.25,2950.25,2949.75,2950.25,425,2949.98941176471,211,214,,
20190802-063400.000,0,109,2950,2950.5,2950,2950.25,202,2950.21658415842,69,133,,
20190802-063500.000,0,177,2950.25,2950.5,2949.75,2949.75,566,2950.2093639576,404,162,,
20190802-063600.000,0,68,2950,2950,2949.5,2949.75,197,2949.80583756345,101,96,,
20190802-063700.000,0,194,2949.75,2949.75,2949.25,2949.5,406,2949.55295566502,222,184,,
20190802-063800.000,0,188,2949.25,2949.5,2949.25,2949.5,334,2949.36002994012,172,162,,
20190802-063900.000,0,210,2949.5,2949.5,2948.75,2949,391,2949.19948849105,239,152,,
20190802-064000.000,0,178,2949,2949,2948.5,2949,278,2948.83273381295,122,156,,
20190802-064100.000,0,75,2949,2949.5,2949,2949.25,125,2949.21,52,73,,
20190802-064200.000,0,185,2949.25,2949.25,2948.5,2949,396,2948.72474747475,251,145,,
20190802-064300.000,0,379,2949,2949,2948.25,2948.5,784,2948.62181122449,397,387,,
20190802-064400.000,0,122,2948.75,2948.75,2948.25,2948.25,222,2948.54954954955,126,96,,
20190802-064500.000,0,206,2948.5,2949,2948,2948.25,332,2948.56475903614,160,172,,
20190802-064600.000,0,518,2948.25,2948.5,2946.5,2947,968,2947.40986570248,676,292,,
20190802-064700.000,0,265,2947.25,2947.5,2946.25,2946.25,445,2946.88876404494,235,210,,
20190802-064800.000,0,280,2946.25,2947,2945.75,2947,441,2946.47335600907,178,263,,
20190802-064900.000,0,134,2947,2947,2946.5,2946.75,243,2946.85185185185,81,162,,
20190802-065000.000,0,228,2947,2947.5,2947,2947.25,432,2947.16087962963,212,220,,
20190802-065100.000,0,81,2947.25,2947.5,2947.25,2947.5,121,2947.34504132231,73,48,,
20190802-065200.000,0,204,2947.5,2947.75,2947.5,2947.5,366,2947.53756830601,172,194,,
20190802-065300.000,0,67,2947.5,2948,2947.25,2947.75,97,2947.62113402062,63,34,,
20190802-065400.000,0,123,2947.75,2948.25,2947.5,2948.25,199,2947.88693467337,98,101,,
20190802-065500.000,0,213,2948.25,2948.25,2947.5,2948.25,317,2947.82413249211,154,163,,
20190802-065600.000,0,165,2948.5,2948.5,2947.5,2947.75,332,2947.99548192771,178,154,,
20190802-065700.000,0,295,2947.5,2947.5,2946.75,2947,499,2947.12024048096,300,199,,
20190802-065800.000,0,130,2946.75,2947.25,2946.5,2947.25,189,2946.87433862434,94,95,,
20190802-065900.000,0,339,2947.25,2948.25,2947,2948,582,2947.77018900344,267,315,,
20190802-070000.000,0,1214,2948,2948.25,2945.25,2945.5,1894,2946.50501583949,1099,795,,
20190802-070100.000,0,1570,2945.75,2945.75,2943.75,2944.75,2654,2944.43283722683,1535,1119,,
20190802-070200.000,0,1010,2944.75,2945.75,2944.5,2945.5,1604,2945.14074189526,759,845,,
20190802-070300.000,0,891,2945.5,2947.25,2945.5,2946.75,1402,2946.31954350927,692,710,,
20190802-070400.000,0,837,2947,2948.25,2946,2946,1249,2947.10668534828,678,571,,
20190802-070500.000,0,2091,2946,2946.75,2943.25,2944.75,3099,2944.86229428848,1538,1561,,
20190802-070600.000,0,1747,2944.75,2946.5,2944.5,2946.25,2675,2945.6076635514,1349,1326,,
20190802-070700.000,0,805,2946.5,2946.5,2944.75,2945,1210,2945.62438016529,728,482,,
20190802-070800.000,0,950,2945,2947.5,2945,2947.25,1504,2946.41373005319,716,788,,
20190802-070900.000,0,782,2947.25,2947.25,2946.25,2946.25,1211,2946.76094137077,724,487,,
20190802-071000.000,0,1051,2946.25,2948,2946.25,2947.75,1626,2947.31765067651,870,756,,
20190802-071100.000,0,1478,2948,2950.5,2947.5,2949.75,2333,2948.84354907844,1054,1279,,
20190802-071200.000,0,1154,2950,2950.5,2949.25,2950.25,1807,2949.84504703929,863,944,,
20190802-071300.000,0,951,2950.25,2950.25,2948.5,2949,1581,2949.42552182163,867,714,,
20190802-071400.000,0,2964,2949,2949,2943.25,2945,4933,2945.99401986621,2649,2284,,
20190802-071500.000,0,1540,2945,2947.5,2945,2946,2552,2946.36804467085,1045,1507,,
20190802-071600.000,0,461,2946,2946.75,2945.25,2946.75,744,2946.01444892473,392,352,,
20190802-071700.000,0,449,2946.75,2947.25,2946,2946,694,2946.60338616715,310,384,,
20190802-071800.000,0,772,2946.25,2948.5,2946,2948.5,1188,2947.35227272727,481,707,,
20190802-071900.000,0,536,2948.5,2948.5,2947.75,2948,847,2948.25088547816,449,398,,
20190802-072000.000,0,423,2948.25,2948.25,2947,2947,652,2947.5601993865,326,326,,
20190802-072100.000,0,526,2947,2948.25,2946.75,2946.75,829,2947.61067551267,424,405,,
20190802-072200.000,0,367,2946.5,2947.5,2946.5,2946.75,577,2947.06065857886,261,316,,
20190802-072300.000,0,990,2946.75,2946.75,2944.25,2944.5,1625,2945.40169230769,978,647,,
20190802-072400.000,0,788,2944.5,2945.25,2943.25,2943.5,1249,2944.354683747,780,469,,
20190802-072500.000,0,1116,2943.75,2944.75,2943.5,2943.75,1839,2943.98790103317,874,965,,
20190802-072600.000,0,563,2943.75,2944.75,2943.5,2943.5,848,2944.03685141509,436,412,,
20190802-072700.000,0,1056,2943.25,2944.75,2942.75,2944.25,1715,2943.77405247813,900,815,,
20190802-072800.000,0,406,2944.25,2944.5,2943.25,2943.75,579,2943.78238341969,289,290,,
20190802-072900.000,0,397,2943.75,2944.25,2943.25,2943.75,559,2943.73211091234,317,242,,
20190802-073000.000,0,851,2943.5,2943.5,2941.5,2942.25,1370,2942.39032846715,854,516,,
20190802-073100.000,0,818,2942.5,2942.5,2941.25,2941.75,1453,2941.76393668273,769,684,,
20190802-073200.000,0,614,2941.5,2942.5,2941.25,2942.25,1025,2941.72463414634,504,521,,
20190802-073300.000,0,338,2942,2942.5,2941.75,2942.25,491,2942.01934826884,278,213,,
20190802-073400.000,0,274,2942.25,2942.25,2941.5,2941.75,407,2941.81756756757,272,135,,
20190802-073500.000,0,466,2941.5,2941.75,2941,2941,747,2941.17938420348,492,255,,
20190802-073600.000,0,514,2940.75,2941.5,2940.75,2941.5,764,2941.24083769634,368,396,,
20190802-073700.000,0,471,2941.5,2942.5,2941.25,2942.25,736,2941.7292798913,383,353,,
20190802-073800.000,0,726,2942.25,2944.25,2942.25,2943.5,1117,2943.62824529991,477,640,,
20190802-073900.000,0,357,2943.75,2943.75,2943,2943.5,523,2943.53585086042,197,326,,
20190802-074000.000,0,568,2943.75,2943.75,2941.75,2941.75,877,2942.56584948689,558,319,,
20190802-074100.000,0,342,2941.75,2941.75,2940.75,2941,529,2941.39177693762,359,170,,
20190802-074200.000,0,489,2940.75,2941.5,2940.5,2941.25,804,2940.90578358209,369,435,,
20190802-074300.000,0,380,2941.25,2941.75,2941.25,2941.5,543,2941.47329650092,253,290,,
20190802-074400.000,0,495,2941.5,2941.75,2940.75,2940.75,765,2941.51339869281,436,329,,
20190802-074500.000,0,750,2940.75,2940.75,2939.5,2940,1451,2940.15696071675,975,476,,
20190802-074600.000,0,462,2940,2940.5,2939.25,2939.5,748,2939.92479946524,332,416,,
20190802-074700.000,0,831,2939.5,2940.25,2939,2939.25,1500,2939.493,837,663,,
20190802-074800.000,0,1104,2939.5,2939.5,2937.5,2938.25,1919,2938.51902032309,1152,767,,
20190802-074900.000,0,911,2938.25,2938.5,2936.5,2936.75,1650,2937.47696969697,1074,576,,
20190802-075000.000,0,1197,2936.5,2937.5,2935.25,2935.5,2228,2936.47093806104,1256,972,,
20190802-075100.000,0,969,2935.5,2936.25,2935,2936.25,2067,2935.64417029511,932,1135,,
20190802-075200.000,0,630,2936,2937.5,2935.75,2937.25,1030,2936.62281553398,485,545,,
20190802-075300.000,0,548,2937,2937.25,2936.25,2937,870,2936.80718390805,516,354,,
20190802-075400.000,0,372,2937,2937.75,2936.5,2937.5,589,2936.97241086587,289,300,,
20190802-075500.000,0,506,2937.75,2938.25,2937.25,2938,971,2937.62821833162,482,489,,
20190802-075600.000,0,521,2938.25,2938.5,2937.5,2938,994,2938.00452716298,489,505,,
20190802-075700.000,0,548,2938,2938.25,2937.25,2938,1286,2937.82562208398,537,749,,
20190802-075800.000,0,313,2938,2938.75,2937.75,2938.25,485,2938.24381443299,240,245,,
20190802-075900.000,0,234,2938.5,2938.5,2938.25,2938.5,414,2938.4788647343,253,161,,
20190802-080000.000,0,623,2938.25,2938.5,2937.5,2938.25,990,2937.92095959596,578,412,,
20190802-080100.000,0,549,2938.25,2939.5,2938.25,2939,962,2938.91787941788,372,590,,
20190802-080200.000,0,557,2939,2939.25,2938.75,2939,1073,2938.98229263747,514,559,,
20190802-080300.000,0,374,2939,2939.75,2938.5,2939.25,587,2938.99063032368,280,307,,
20190802-080400.000,0,389,2939.25,2940,2939.25,2939.5,605,2939.49669421488,285,320,,
20190802-080500.000,0,451,2939.75,2940.75,2939.5,2940.5,791,2940.2082806574,274,517,,
20190802-080600.000,0,465,2940.5,2940.75,2939.5,2939.75,823,2940.24726609964,461,362,,
20190802-080700.000,0,628,2939.75,2940,2939,2939,1205,2939.44253112033,683,522,,
20190802-080800.000,0,281,2939.25,2940.5,2939,2940.5,526,2939.72576045627,197,329,,
20190802-080900.000,0,812,2940.75,2941.75,2940.25,2940.5,1652,2940.90995762712,924,728,,
20190802-081000.000,0,860,2940.5,2940.75,2938.5,2938.75,1562,2939.69382202305,895,667,,
20190802-081100.000,0,688,2939,2940.5,2938.5,2940.5,1326,2939.28638763198,503,823,,
20190802-081200.000,0,194,2940.25,2940.75,2940,2940.5,272,2940.23621323529,122,150,,
20190802-081300.000,0,210,2940.5,2940.75,2939.75,2939.75,292,2940.21061643836,167,125,,
20190802-081400.000,0,341,2939.75,2940,2938.75,2939.25,662,2939.50075528701,413,249,,
20190802-081500.000,0,516,2939.25,2939.75,2938,2938.75,964,2939.0028526971,450,514,,
20190802-081600.000,0,511,2938.5,2938.75,2937.5,2937.5,777,2938.05662805663,414,363,,
20190802-081700.000,0,550,2937.5,2938.25,2937.25,2937.5,811,2937.67293464858,402,409,,
20190802-081800.000,0,427,2937.5,2938,2937,2937.75,669,2937.60201793722,301,368,,
20190802-081900.000,0,389,2937.75,2937.75,2936.75,2937.25,651,2937.30952380952,342,309,,
20190802-082000.000,0,529,2937.25,2937.5,2936.5,2937,897,2936.97770345596,397,500,,
20190802-082100.000,0,295,2936.75,2938.25,2936.75,2938,466,2937.43991416309,187,279,,
20190802-082200.000,0,322,2938,2938.25,2937.25,2937.25,500,2937.56,309,191,,
20190802-082300.000,0,259,2937.5,2937.5,2936.5,2936.75,396,2936.91098484849,222,174,,
20190802-082400.000,0,389,2936.75,2938.25,2936.75,2938.25,604,2937.33899006623,233,371,,
20190802-082500.000,0,408,2938.25,2939,2938.25,2938.5,562,2938.57206405694,195,367,,
20190802-082600.000,0,235,2938.75,2938.75,2937.75,2938,324,2938.17283950617,196,128,,
20190802-082700.000,0,134,2938,2938,2937.75,2937.75,176,2937.98295454545,86,90,,
20190802-082800.000,0,280,2937.75,2938.25,2937.75,2938.25,451,2938.06374722838,187,264,,
20190802-082900.000,0,279,2938.25,2938.25,2937,2937.75,385,2937.71623376623,217,168,,
20190802-083000.000,0,287,2937.75,2938,2937.5,2938,507,2937.85897435897,250,257,,
20190802-083100.000,0,338,2938.25,2939,2938.25,2938.25,526,2938.55513307985,234,292,,
20190802-083200.000,0,213,2938.25,2938.5,2937.25,2937.75,281,2937.82384341637,152,129,,
20190802-083300.000,0,163,2937.5,2938,2937.25,2938,224,2937.66517857143,138,86,,
20190802-083400.000,0,184,2938,2938.25,2937.75,2937.75,242,2937.97933884298,117,125,,
20190802-083500.000,0,131,2937.75,2938.25,2937.5,2938.25,193,2937.8329015544,77,116,,
20190802-083600.000,0,469,2938.25,2939.75,2938,2939.25,836,2938.79216507177,313,523,,
20190802-083700.000,0,312,2939.25,2939.5,2938.75,2939.25,596,2939.21644295302,258,338,,
20190802-083800.000,0,261,2939.25,2939.25,2938.75,2938.75,448,2938.9921875,231,217,,
20190802-083900.000,0,303,2938.5,2939.5,2938.5,2939,557,2938.98608617594,188,369,,
20190802-084000.000,0,403,2939,2939,2938.25,2938.75,642,2938.60358255452,364,278,,
20190802-084100.000,0,410,2938.5,2939.5,2938.5,2939.5,732,2939.04234972678,277,455,,
20190802-084200.000,0,534,2939.5,2940.25,2939.25,2940,1044,2939.79070881226,618,426,,
20190802-084300.000,0,650,2939.75,2941.25,2939.75,2941.25,1206,2940.60655058043,508,698,,
20190802-084400.000,0,246,2941.25,2941.5,2941,2941.25,461,2941.16919739696,182,279,,
20190802-084500.000,0,591,2941,2941.25,2940.5,2941,965,2940.79844559586,499,466,,
20190802-084600.000,0,140,2940.75,2941.5,2940.75,2941.5,293,2941.08020477816,46,247,,
20190802-084700.000,0,897,2941.25,2942.5,2941.25,2942,1611,2942.03910614525,636,975,,
20190802-084800.000,0,193,2941.75,2942,2941.75,2941.75,281,2941.9012455516,149,132,,
20190802-084900.000,0,430,2941.75,2941.75,2941,2941,640,2941.334375,370,270,,
20190802-085000.000,0,416,2941.25,2941.25,2940,2940.75,847,2940.3178866588,372,475,,
20190802-085100.000,0,388,2940.75,2941,2939.5,2939.75,668,2940.63547904192,373,295,,
20190802-085200.000,0,838,2939.75,2939.75,2937.25,2937.5,1319,2938.2926459439,860,459,,
20190802-085300.000,0,1728,2937.5,2937.5,2935,2936.75,3133,2936.00598467922,1516,1617,,
20190802-085400.000,0,971,2936.5,2938,2935.5,2935.75,1683,2936.61125965538,919,764,,
20190802-085500.000,0,384,2935.75,2936.5,2935.5,2936.25,705,2935.98368794326,357,348,,
20190802-085600.000,0,391,2936,2936.75,2936,2936.75,747,2936.28246318608,284,463,,
20190802-085700.000,0,224,2936.5,2937,2936.5,2937,377,2936.60344827586,231,146,,
20190802-085800.000,0,148,2937,2938,2936.75,2938,429,2937.44055944056,27,402,,
20190802-085900.000,0,666,2938,2939.25,2937.5,2938,1379,2938.54822335025,828,551,,
20190802-090000.000,0,524,2938.25,2939.5,2937.75,2938.75,912,2938.64610745614,468,444,,
20190802-090100.000,0,274,2938.5,2939,2938.25,2938.25,383,2938.43994778068,221,162,,
20190802-090200.000,0,373,2938,2938.5,2938,2938.25,586,2938.28455631399,291,295,,
20190802-090300.000,0,327,2938,2938.75,2937.5,2938,544,2938.13143382353,236,308,,
20190802-090400.000,0,416,2937.75,2939,2937.25,2938.75,691,2938.27858176556,282,409,,
20190802-090500.000,0,372,2938.75,2939.25,2938.5,2938.5,593,2938.87268128162,283,310,,
20190802-090600.000,0,288,2938.25,2939,2938.25,2938.25,466,2938.55472103004,238,228,,
20190802-090700.000,0,486,2938.25,2938.25,2937.5,2937.5,717,2937.94874476987,396,321,,
20190802-090800.000,0,1434,2937.5,2938.25,2936,2936.75,2374,2936.96451137321,1196,1178,,
20190802-090900.000,0,624,2937,2937.25,2936.5,2936.5,1160,2937.02650862069,477,683,,
20190802-091000.000,0,522,2936.5,2937.75,2936.5,2937.5,865,2937.1436416185,338,527,,
20190802-091100.000,0,176,2937.5,2938,2937.5,2937.75,276,2937.67934782609,134,142,,
20190802-091200.000,0,455,2937.75,2937.75,2936.25,2936.5,736,2937.0597826087,385,351,,
20190802-091300.000,0,664,2936.5,2936.75,2935.5,2935.75,1131,2936.25198938992,593,538,,
20190802-091400.000,0,641,2935.75,2936.25,2935.25,2935.75,1314,2935.81335616438,607,707,,
20190802-091500.000,0,1459,2935.75,2935.75,2933.5,2934.25,2603,2934.69285439877,1508,1095,,
20190802-091600.000,0,541,2934.25,2935.5,2934.25,2935.5,917,2934.89585605235,435,482,,
20190802-091700.000,0,400,2935.5,2936,2935,2935.75,595,2935.42773109244,289,306,,
20190802-091800.000,0,319,2935.75,2936.5,2935,2936.25,575,2935.57782608696,263,312,,
20190802-091900.000,0,470,2936.25,2937.25,2936,2937,689,2936.57656023222,356,333,,
20190802-092000.000,0,514,2937,2938.25,2936.75,2938,805,2937.46273291925,407,398,,
20190802-092100.000,0,339,2938,2938,2937,2937,488,2937.4205942623,268,220,,
20190802-092200.000,0,266,2937,2937.5,2937,2937,406,2937.25554187192,214,192,,
20190802-092300.000,0,185,2937.25,2937.75,2937.25,2937.75,304,2937.55180921053,129,175,,
20190802-092400.000,0,274,2937.75,2937.75,2937,2937.25,416,2937.47896634615,214,202,,
20190802-092500.000,0,1034,2937.5,2939.5,2937,2938.75,1778,2938.36051743532,805,973,,
20190802-092600.000,0,820,2938.75,2939.25,2938,2939,1326,2938.7237933635,646,680,,
20190802-092700.000,0,417,2938.75,2939.75,2938.5,2939.5,654,2939.43081039755,333,321,,
20190802-092800.000,0,325,2939.5,2940,2939.5,2939.5,451,2939.63414634146,211,240,,
20190802-092900.000,0,149,2939.5,2939.75,2939.25,2939.75,196,2939.49744897959,94,102,,
20190802-093000.000,0,623,2939.75,2940.5,2939,2940,1013,2939.74259624877,484,529,,
20190802-093100.000,0,279,2940,2940,2939,2939.25,392,2939.3743622449,238,154,,
20190802-093200.000,0,231,2939.25,2940.5,2939.25,2940,352,2939.83238636364,152,200,,
20190802-093300.000,0,243,2940,2940.5,2940,2940.25,358,2940.21229050279,141,217,,
20190802-093400.000,0,255,2940.25,2940.5,2940,2940.25,447,2940.33668903803,174,273,,
20190802-093500.000,0,469,2940.25,2941.5,2940.25,2940.25,729,2940.91838134431,300,429,,
20190802-093600.000,0,219,2940.25,2940.75,2940.25,2940.5,382,2940.52356020942,151,231,,
20190802-093700.000,0,226,2940.75,2940.75,2940.25,2940.5,318,2940.61713836478,191,127,,
20190802-093800.000,0,302,2940.5,2940.75,2940,2940.75,433,2940.43475750577,196,237,,
20190802-093900.000,0,363,2941,2941.5,2940.5,2940.5,721,2941.05270457698,445,276,,
20190802-094000.000,0,335,2940.75,2941,2940.5,2940.75,464,2940.74515086207,164,300,,
20190802-094100.000,0,449,2940.75,2940.75,2938.75,2939,775,2939.51064516129,496,279,,
20190802-094200.000,0,412,2938.75,2940,2938.75,2940,805,2939.49099378882,284,521,,
20190802-094300.000,0,283,2940,2940.75,2939.75,2940.75,494,2940.2995951417,228,266,,
20190802-094400.000,0,168,2940.5,2940.75,2940.5,2940.5,226,2940.67588495575,113,113,,
20190802-094500.000,0,245,2940.5,2941.25,2940.25,2941,349,2940.97994269341,164,185,,
20190802-094600.000,0,222,2940.75,2940.75,2940,2940,393,2940.3441475827,204,189,,
20190802-094700.000,0,259,2940,2940.25,2939.5,2939.5,423,2939.98404255319,273,150,,
20190802-094800.000,0,376,2939.5,2941,2939.5,2939.75,579,2940.24481865285,261,318,,
20190802-094900.000,0,183,2940,2940.75,2939.5,2940.75,284,2940.23063380282,121,163,,
20190802-095000.000,0,275,2940.5,2940.5,2939,2939,422,2939.50533175355,256,166,,
20190802-095100.000,0,227,2939,2940,2938.75,2940,330,2939.33712121212,121,209,,
20190802-095200.000,0,206,2939.75,2940,2939.25,2939.5,330,2939.55984848485,148,182,,
20190802-095300.000,0,339,2939.5,2940.25,2939.25,2939.25,520,2939.77259615385,260,260,,
20190802-095400.000,0,306,2939.25,2939.5,2938.25,2939,497,2938.98340040241,241,256,,
20190802-095500.000,0,305,2939,2939.25,2938.75,2939,392,2939.02487244898,181,211,,
20190802-095600.000,0,300,2939,2939.25,2938,2938.25,464,2938.55064655172,286,178,,
20190802-095700.000,0,370,2938.25,2938.75,2938,2938.5,641,2938.5596723869,415,226,,
20190802-095800.000,0,231,2938.5,2938.75,2938,2938.25,372,2938.29569892473,188,184,,
20190802-095900.000,0,659,2938.5,2940,2938.5,2939.75,1099,2939.22975432211,533,566,,
20190802-100000.000,0,535,2939.75,2940.5,2939.25,2940.5,807,2939.95600991326,374,433,,
20190802-100100.000,0,486,2940.25,2940.5,2939.75,2940,821,2940.08130328867,446,375,,
20190802-100200.000,0,447,2940,2940.75,2939.25,2940.25,729,2940.10082304527,365,364,,
20190802-100300.000,0,192,2940.25,2941,2940.25,2940.5,279,2940.49014336918,127,152,,
20190802-100400.000,0,296,2940.75,2941.75,2940.75,2941.75,483,2941.17287784679,224,259,,
20190802-100500.000,0,496,2941.75,2942.5,2941.25,2942,880,2941.84488636364,401,479,,
20190802-100600.000,0,886,2942,2943.75,2941.75,2943.25,1670,2942.9245508982,749,921,,
20190802-100700.000,0,772,2943.5,2944,2943.25,2943.5,1385,2943.709566787,700,685,,
20190802-100800.000,0,345,2943.75,2944,2943.5,2943.5,566,2943.69037102474,281,285,,
20190802-100900.000,0,408,2943.75,2943.75,2942.75,2943,633,2943.11808846761,374,259,,
20190802-101000.000,0,400,2943,2943,2942.5,2943,701,2942.78459343795,345,356,,
20190802-101100.000,0,451,2942.75,2943.5,2942.75,2943.25,846,2943.06117021277,442,404,,
20190802-101200.000,0,216,2943,2943.25,2942.75,2943.25,347,2942.99855907781,154,193,,
20190802-101300.000,0,382,2943.5,2943.5,2942.5,2943.25,584,2943.0051369863,330,254,,
20190802-101400.000,0,485,2943.5,2943.75,2943,2943.25,861,2943.42537746806,487,374,,
20190802-101500.000,0,379,2943.25,2943.5,2943,2943.25,790,2943.2746835443,418,372,,
20190802-101600.000,0,320,2943.25,2944,2943.25,2943.75,611,2943.72708674304,286,325,,
20190802-101700.000,0,501,2943.75,2944.5,2943.75,2944.25,923,2944.16170097508,405,518,,
20190802-101800.000,0,526,2944.25,2945,2944.25,2944.75,1090,2944.49243119266,576,514,,
20190802-101900.000,0,402,2944.75,2945.5,2944.25,2944.75,766,2944.90208877285,378,388,,
20190802-102000.000,0,220,2945,2945,2944.5,2944.5,395,2944.76582278481,247,148,,
20190802-102100.000,0,290,2944.25,2944.75,2944.25,2944.5,480,2944.31302083333,250,230,,
20190802-102200.000,0,550,2944.5,2945.5,2944.25,2944.5,865,2945.12023121387,311,554,,
20190802-102300.000,0,372,2944.5,2945.5,2944.5,2945.5,573,2945.03708551483,184,389,,
20190802-102400.000,0,251,2945.5,2945.5,2944.75,2945,350,2945.06357142857,196,154,,
20190802-102500.000,0,432,2945,2945.75,2945,2945,708,2945.2436440678,335,373,,
20190802-102600.000,0,274,2945,2945.75,2945,2945.25,436,2945.31422018349,148,288,,
20190802-102700.000,0,321,2945,2945.5,2944.5,2944.75,517,2944.86411992263,261,256,,
20190802-102800.000,0,72,2944.75,2945,2944.5,2944.5,92,2944.72554347826,56,36,,
20190802-102900.000,0,328,2944.5,2944.5,2943.75,2944.25,556,2944.1875,297,259,,
20190802-103000.000,0,294,2944.5,2945,2944,2944.75,442,2944.27432126697,179,263,,
20190802-103100.000,0,301,2945,2945.5,2944,2944.25,470,2944.7420212766,208,262,,
20190802-103200.000,0,383,2944,2944,2943,2943.5,540,2943.44259259259,290,250,,
20190802-103300.000,0,208,2943.25,2944.5,2943,2944.25,317,2943.70977917981,119,198,,
20190802-103400.000,0,555,2944.25,2946,2944,2945.5,907,2945.06008820287,384,523,,
20190802-103500.000,0,694,2945.25,2947,2945.25,2945.75,1270,2946.29251968504,574,696,,
20190802-103600.000,0,444,2946,2946,2944.5,2944.75,674,2945.01928783383,415,259,,
20190802-103700.000,0,154,2944.75,2945,2944.25,2944.5,213,2944.5927230047,116,97,,
20190802-103800.000,0,267,2944.5,2944.5,2944,2944.25,378,2944.28306878307,192,186,,
20190802-103900.000,0,266,2944.25,2944.5,2943.5,2943.75,389,2943.90167095116,236,153,,
20190802-104000.000,0,333,2943.75,2944.75,2943.75,2944.75,527,2944.46204933586,230,297,,
20190802-104100.000,0,195,2944.75,2945.25,2944.5,2944.5,317,2944.72239747634,189,128,,
20190802-104200.000,0,291,2944.5,2944.75,2943,2943,516,2943.51937984496,348,168,,
20190802-104300.000,0,581,2943,2943.25,2942.5,2942.75,925,2942.79081081081,537,388,,
20190802-104400.000,0,160,2942.75,2943,2942.5,2942.75,212,2942.63325471698,125,87,,
20190802-104500.000,0,387,2942.75,2943.75,2942.75,2943,643,2943.25194401244,307,336,,
20190802-104600.000,0,391,2943,2943.25,2942.25,2942.5,614,2942.79560260586,329,285,,
20190802-104700.000,0,103,2942.5,2943,2942.5,2943,176,2942.59375,60,116,,
20190802-104800.000,0,350,2943,2943.5,2942.5,2942.75,518,2943.07528957529,289,229,,
20190802-104900.000,0,244,2942.75,2942.75,2941.75,2942,367,2942.41076294278,248,119,,
20190802-105000.000,0,296,2941.75,2942.75,2941.75,2942.75,530,2942.24056603774,220,310,,
20190802-105100.000,0,205,2942.5,2943.25,2942.5,2943.25,344,2942.85755813954,199,145,,
20190802-105200.000,0,305,2943.25,2944.5,2943.25,2944.5,433,2943.71304849885,166,267,,
20190802-105300.000,0,562,2944.5,2945.75,2944.25,2944.75,850,2945.195,341,509,,
20190802-105400.000,0,371,2944.75,2945.25,2944.25,2945.25,616,2944.8538961039,333,283,,
20190802-105500.000,0,624,2945.25,2946.25,2945.25,2946,1176,2945.85267857143,453,723,,
20190802-105600.000,0,564,2946,2946.5,2945.25,2945.75,1038,2946.07538535646,591,447,,
20190802-105700.000,0,307,2945.5,2945.5,2944.25,2944.5,521,2944.76535508637,328,193,,
20190802-105800.000,0,176,2944.25,2944.5,2944,2944.25,273,2944.28937728938,108,165,,
20190802-105900.000,0,178,2944.25,2945,2944.25,2944.75,232,2944.70689655172,100,132,,
20190802-110000.000,0,389,2944.5,2945.25,2944,2944,515,2944.61019417476,274,241,,
20190802-110100.000,0,602,2944,2944.25,2942.25,2942.25,806,2943.09398263027,512,294,,
20190802-110200.000,0,394,2942.5,2942.5,2942,2942.25,554,2942.27346570397,278,276,,
20190802-110300.000,0,255,2942.25,2942.5,2942,2942.25,363,2942.23898071625,184,179,,
20190802-110400.000,0,686,2942.25,2942.75,2941.75,2942,1213,2942.24216817807,632,581,,
20190802-110500.000,0,629,2942,2942.25,2941,2942,952,2941.45772058824,500,452,,
20190802-110600.000,0,253,2942,2942,2941.5,2941.5,437,2941.82723112128,280,157,,
20190802-110700.000,0,409,2941.25,2942.25,2941.25,2942,627,2941.79744816587,268,359,,
20190802-110800.000,0,169,2942,2942.25,2941.5,2941.75,257,2941.90175097276,165,92,,
20190802-110900.000,0,173,2941.5,2942,2941.5,2941.75,242,2941.92045454545,148,94,,
20190802-111000.000,0,131,2942,2942,2941.75,2942,198,2941.98106060606,101,97,,
20190802-111100.000,0,259,2942,2942,2941.25,2941.25,398,2941.71293969849,259,139,,
20190802-111200.000,0,277,2941.25,2942,2941,2941.5,515,2941.44126213592,211,304,,
20190802-111300.000,0,196,2941.75,2942,2941.5,2941.75,327,2941.80351681957,150,177,,
20190802-111400.000,0,536,2942,2942.25,2942,2942.25,842,2942.20813539192,432,410,,
20190802-111500.000,0,231,2942.5,2942.75,2942.25,2942.5,315,2942.5,130,185,,
20190802-111600.000,0,348,2942.5,2942.75,2942,2942.5,552,2942.25905797101,310,242,,
20190802-111700.000,0,309,2942.5,2943,2942.25,2942.75,488,2942.59631147541,248,240,,
20190802-111800.000,0,156,2942.75,2943,2942.25,2943,285,2942.60438596491,183,102,,
20190802-111900.000,0,214,2942.75,2943,2942.25,2942.5,319,2942.74686520376,160,159,,
20190802-112000.000,0,251,2942.25,2942.25,2941.75,2942,365,2941.99931506849,224,141,,
20190802-112100.000,0,367,2942,2942,2941,2941.5,638,2941.43456112853,341,297,,
20190802-112200.000,0,166,2941.5,2942,2941.5,2941.5,246,2941.64532520325,113,133,,
20190802-112300.000,0,314,2941.75,2942,2941.25,2941.25,429,2941.52680652681,241,188,,
20190802-112400.000,0,314,2941.25,2941.25,2941,2941,835,2941.1377245509,349,486,,
20190802-112500.000,0,200,2941.25,2941.75,2941,2941.25,383,2941.34464751958,137,246,,
20190802-112600.000,0,154,2941.25,2941.75,2941.25,2941.75,207,2941.5229468599,77,130,,
20190802-112700.000,0,141,2941.75,2941.75,2941.5,2941.5,217,2941.52419354839,111,106,,
20190802-112800.000,0,331,2941.5,2941.75,2941.25,2941.25,653,2941.49272588055,316,337,,
20190802-112900.000,0,186,2941.25,2942.25,2941.25,2942,320,2941.8984375,148,172,,
20190802-113000.000,0,491,2942,2942,2940.25,2940.25,876,2940.94406392694,580,296,,
20190802-113100.000,0,384,2940.5,2941.25,2940.25,2941,1019,2940.58243375859,589,430,,
20190802-113200.000,0,353,2941,2941.75,2941,2941.5,640,2941.41171875,292,348,,
20190802-113300.000,0,122,2941.5,2941.75,2941.25,2941.5,188,2941.46276595745,92,96,,
20190802-113400.000,0,67,2941.5,2941.5,2941.25,2941.25,106,2941.42688679245,55,51,,
20190802-113500.000,0,111,2941.25,2942,2941,2942,196,2941.47959183673,34,162,,
20190802-113600.000,0,37,2941.75,2941.75,2941.5,2941.75,51,2941.73039215686,36,15,,
20190802-113700.000,0,61,2941.5,2942,2941.5,2941.75,95,2941.60789473684,27,68,,
20190802-113800.000,0,194,2941.75,2942,2941.5,2941.75,423,2941.70744680851,242,181,,
20190802-113900.000,0,554,2941.75,2942.75,2941.75,2942.25,918,2942.10266884532,335,583,,
20190802-114000.000,0,199,2942.25,2942.5,2942,2942.5,294,2942.20323129252,142,152,,
20190802-114100.000,0,110,2942.5,2942.5,2942.25,2942.25,148,2942.32601351351,47,101,,
20190802-114200.000,0,86,2942,2942.25,2942,2942.25,133,2942.0037593985,82,51,,
20190802-114300.000,0,355,2942.25,2942.25,2941.5,2942.25,698,2941.79656160458,299,399,,
20190802-114400.000,0,182,2942,2942.75,2942,2942.75,281,2942.5524911032,68,213,,
20190802-114500.000,0,141,2942.75,2943,2942.5,2943,210,2942.8380952381,76,134,,
20190802-114600.000,0,169,2943,2943.25,2942.5,2942.75,263,2942.88307984791,146,117,,
20190802-114700.000,0,221,2942.75,2943,2942.5,2942.75,363,2942.78236914601,173,190,,
20190802-114800.000,0,368,2943,2943.25,2942.75,2943.25,716,2942.98498603352,245,471,,
20190802-114900.000,0,205,2943,2943,2942.5,2942.75,532,2942.78759398496,228,304,,
20190802-115000.000,0,843,2942.5,2942.5,2940.5,2940.75,1721,2941.27135386403,1278,443,,
20190802-115100.000,0,345,2940.75,2941,2940.5,2940.75,687,2940.86317321689,356,331,,
20190802-115200.000,0,196,2940.75,2941.25,2940.5,2940.5,422,2940.74526066351,226,196,,
20190802-115300.000,0,212,2940.75,2941.5,2940.75,2941.5,359,2941.09888579387,93,266,,
20190802-115400.000,0,409,2941.75,2941.75,2941,2941.5,1074,2941.20554003724,542,532,,
20190802-115500.000,0,194,2941.25,2941.5,2941,2941,341,2941.2866568915,199,142,,
20190802-115600.000,0,261,2941.25,2941.5,2940.75,2940.75,783,2940.97573435504,561,222,,
20190802-115700.000,0,175,2941,2941,2940.25,2940.5,512,2940.541015625,357,155,,
20190802-115800.000,0,288,2940.75,2941.25,2940.5,2941,559,2940.97182468694,236,323,,
20190802-115900.000,0,503,2941.25,2942,2941,2941,1032,2941.53003875969,536,496,,
20190802-120000.000,0,544,2941,2942,2940.75,2941.75,1118,2941.51140429338,613,505,,
20190802-120100.000,0,192,2941.75,2942,2941.25,2941.5,380,2941.59144736842,194,186,,
20190802-120200.000,0,436,2941.5,2941.75,2940.25,2940.5,845,2940.82988165681,523,322,,
20190802-120300.000,0,238,2940.5,2940.75,2940.25,2940.25,453,2940.46909492274,223,230,,
20190802-120400.000,0,463,2940.25,2941.5,2940,2941.5,1009,2940.61496531219,390,619,,
20190802-120500.000,0,256,2941.5,2941.5,2941.25,2941.5,427,2941.35421545667,236,191,,
20190802-120600.000,0,144,2941.25,2941.5,2941,2941.5,318,2941.32389937107,182,136,,
20190802-120700.000,0,325,2941.25,2941.25,2940.75,2940.75,900,2940.92027777778,759,141,,
20190802-120800.000,0,247,2940.75,2942,2940.5,2941.5,445,2941.33764044944,180,265,,
20190802-120900.000,0,370,2941.5,2941.5,2940.5,2940.75,907,2940.7993384785,596,311,,
20190802-121000.000,0,152,2940.75,2941,2940.75,2941,242,2940.85123966942,71,171,,
20190802-121100.000,0,228,2940.75,2941,2940.5,2940.75,382,2940.70811518325,207,175,,
20190802-121200.000,0,182,2940.75,2941.5,2940.75,2941.25,320,2941.11171875,101,219,,
20190802-121300.000,0,257,2941.25,2941.5,2940.75,2941.5,406,2941.17918719212,178,228,,
20190802-121400.000,0,260,2941.25,2942,2941.25,2942,443,2941.66591422122,88,355,,
20190802-121500.000,0,554,2942,2942.5,2941.5,2942.25,1247,2942.04069767442,655,592,,
20190802-121600.000,0,754,2942.25,2943.25,2942,2943,1719,2942.51497963933,930,789,,
20190802-121700.000,0,640,2943,2943.75,2942.5,2943.5,1303,2943.27340752111,653,650,,
20190802-121800.000,0,508,2943.5,2943.5,2942,2942.25,856,2942.54117990654,482,374,,
20190802-121900.000,0,371,2942.25,2943.5,2942.25,2943.25,770,2942.8987012987,237,533,,
20190802-122000.000,0,339,2943.25,2943.5,2942.5,2942.75,791,2943.0097977244,521,270,,
20190802-122100.000,0,316,2942.75,2943,2942.25,2943,608,2942.63527960526,260,348,,
20190802-122200.000,0,177,2942.75,2943,2942.5,2942.75,386,2942.8542746114,122,264,,
20190802-122300.000,0,158,2943,2943.5,2942.75,2943.25,387,2942.93863049096,115,272,,
20190802-122400.000,0,186,2943.25,2943.25,2943,2943.25,378,2943.07605820106,239,139,,
20190802-122500.000,0,162,2943.5,2943.5,2943,2943.25,296,2943.33530405405,110,186,,
20190802-122600.000,0,229,2943,2943.5,2942.5,2942.75,519,2943.13439306358,303,216,,
20190802-122700.000,0,150,2942.75,2943,2942.5,2943,234,2942.79166666667,79,155,,
20190802-122800.000,0,226,2942.75,2943.75,2942.75,2943.5,562,2943.09341637011,160,402,,
20190802-122900.000,0,408,2943.5,2944.5,2943.25,2943.75,953,2943.94989506821,383,570,,
20190802-123000.000,0,1454,2943.75,2944.5,2940.25,2942.75,2231,2942.12841774989,1173,1058,,
20190802-123100.000,0,1019,2942.75,2944.5,2942.5,2943.5,1458,2943.57836076818,707,751,,
20190802-123200.000,0,1565,2943.25,2944.25,2941.25,2942.25,2809,2942.70799216803,1261,1548,,
20190802-123300.000,0,2956,2942,2943,2937.25,2937.5,5572,2939.69149318019,3324,2248,,
20190802-123400.000,0,3079,2937.5,2937.75,2933,2934.75,6670,2935.59906296852,3931,2739,,
20190802-123500.000,0,2038,2934.5,2937.5,2934.25,2937.5,3465,2936.31183261183,1563,1902,,
20190802-123600.000,0,1249,2937.25,2938,2935.5,2936.75,2181,2936.80547913801,1193,988,,
20190802-123700.000,0,3091,2937,2941.25,2937,2938.25,5478,2939.19482475356,2526,2952,,
20190802-123800.000,0,1548,2938.25,2939,2936.5,2937,2462,2937.9190698619,1329,1133,,
20190802-123900.000,0,1047,2937,2938.75,2937,2938.25,1463,2937.80399863295,733,730,,
20190802-124000.000,0,1444,2938.25,2939.75,2937.5,2939,2906,2938.60641775637,1594,1312,,
20190802-124100.000,0,994,2938.75,2940.5,2938.75,2940,1683,2939.51381461676,735,948,,
20190802-124200.000,0,672,2940,2940,2938.5,2939.25,1091,2938.99656278643,655,436,,
20190802-124300.000,0,1538,2939.25,2941,2938.75,2941,2919,2940.26927029805,1397,1522,,
20190802-124400.000,0,854,2940.75,2941.5,2940,2941,1433,2940.7752965806,676,757,,
20190802-124500.000,0,658,2940.75,2940.75,2939.25,2939.5,1107,2940.03387533875,583,524,,
20190802-124600.000,0,652,2939.25,2939.75,2938.5,2938.75,916,2939.22052401747,471,445,,
20190802-124700.000,0,1052,2938.75,2940.5,2938.25,2939.25,2511,2939.5090601354,1091,1420,,
20190802-124800.000,0,710,2939.5,2940.5,2939.25,2940.25,1080,2939.80023148148,506,574,,
20190802-124900.000,0,1969,2940.5,2943.25,2940.25,2941.5,3486,2941.99612736661,1427,2059,,
20190802-125000.000,0,1573,2941.75,2942,2940,2940.5,2663,2940.94310927525,1633,1030,,
20190802-125100.000,0,699,2940.5,2940.5,2939.25,2940,1217,2939.86709120789,669,548,,
20190802-125200.000,0,949,2940.25,2941,2938,2938.5,1699,2939.46689228958,1151,548,,
20190802-125300.000,0,986,2938.5,2940,2938.25,2939.25,1655,2939.14108761329,754,901,,
20190802-125400.000,0,402,2939.5,2939.75,2938.75,2939.25,640,2939.2546875,344,296,,
20190802-125500.000,0,715,2939,2940.5,2938.75,2940.5,1145,2939.94563318777,462,683,,
20190802-125600.000,0,3330,2940.75,2944.25,2940.75,2941.25,5648,2942.47454851275,2856,2792,,
20190802-125700.000,0,1394,2941.25,2942.75,2941.25,2942.5,2257,2942.12128932211,962,1295,,
20190802-125800.000,0,1220,2942.5,2942.75,2940.5,2942.25,1943,2941.72130725682,1048,895,,
20190802-125900.000,0,1870,2942.5,2944.5,2941.5,2944,3256,2942.83753071253,1468,1788,,
20190802-130000.000,0,2556,2944,2946.5,2943,2946.25,4925,2944.8847715736,1672,3253,,
20190802-130100.000,0,11196,2946.25,2959.75,2946,2959.5,23167,2952.33585487979,8957,14210,,
20190802-130200.000,0,9829,2959.5,2961,2953.5,2953.5,20514,2958.22334747002,10045,10469,,
20190802-130300.000,0,6879,2953.5,2957,2948.75,2951.25,12605,2952.10654502182,6117,6488,,
20190802-130400.000,0,3393,2951.25,2953.75,2950.5,2951,7188,2952.18930856984,3368,3820,,
20190802-130500.000,0,2654,2951.25,2951.75,2948.75,2949.25,4271,2950.57504097401,2490,1781,,
20190802-130600.000,0,2640,2949.5,2950.25,2947.5,2948.5,4994,2948.684721666,2618,2376,,
20190802-130700.000,0,2314,2948.75,2949,2946.25,2946.75,4354,2947.52721635278,2554,1800,,
20190802-130800.000,0,1196,2947,2948,2946.75,2947.75,2132,2947.61362570356,765,1367,,
20190802-130900.000,0,4113,2947.5,2952,2946.25,2948.5,7291,2948.63924701687,3362,3929,,
20190802-131000.000,0,2398,2948.25,2948.25,2945.25,2946.25,4728,2946.68580795262,2355,2373,,
20190802-131100.000,0,1640,2946.5,2947.25,2944.5,2944.75,2668,2945.77389430285,1431,1237,,
20190802-131200.000,0,1596,2944.75,2947.5,2944.5,2946.25,2358,2946.15574639525,963,1395,,
20190802-131300.000,0,976,2946.25,2947.25,2946,2946.5,1443,2946.58818433818,712,731,,
20190802-131400.000,0,726,2946.75,2947,2946,2946.25,1234,2946.38087520259,818,416,,
20190802-131500.000,0,979,2946.25,2947,2945.25,2946.25,1890,2946.24510582011,1105,785,,
20190802-131600.000,0,943,2946.5,2947,2946,2946.5,1601,2946.44597126796,843,758,,
20190802-131700.000,0,1993,2946.5,2947.25,2944.25,2944.75,3371,2945.89595075645,1870,1501,,
20190802-131800.000,0,1255,2944.75,2945,2943.5,2943.75,2369,2944.25422119038,1153,1216,,
20190802-131900.000,0,948,2944,2944.5,2942.75,2943.25,1445,2943.56937716263,873,572,,
20190802-132000.000,0,939,2943,2944,2942.75,2943,1777,2943.42951603827,1004,773,,
20190802-132100.000,0,750,2943,2944.25,2942.75,2944,1583,2943.35754895768,809,774,,
20190802-132200.000,0,546,2943.75,2945,2943.75,2944.75,819,2944.40506715507,292,527,,
20190802-132300.000,0,433,2944.75,2945,2943.75,2945,581,2944.53098106713,258,323,,
20190802-132400.000,0,643,2945,2945.25,2943.75,2944.5,1095,2944.47054794521,534,561,,
20190802-132500.000,0,862,2944.5,2946,2944.5,2945.75,1813,2945.40347490348,713,1100,,
20190802-132600.000,0,2054,2945.75,2946,2942,2944.25,3486,2943.73257314974,2227,1259,,
20190802-132700.000,0,663,2944.25,2945.5,2944,2945.25,1061,2944.82752120641,478,583,,
20190802-132800.000,0,906,2945.25,2946,2943.5,2945.75,1368,2945.03289473684,672,696,,
20190802-132900.000,0,1357,2946,2946,2943.25,2943.25,2442,2944.38820638821,1492,950,,
20190802-133000.000,0,7310,2943.5,2944.75,2941.75,2942.75,12931,2943.30293480783,6474,6457,,
20190802-133100.000,0,8241,2942.5,2942.75,2937.25,2941.5,16086,2939.70625077707,8789,7297,,
20190802-133200.000,0,7239,2941.75,2944.75,2941.25,2944.25,12888,2943.39569754811,6005,6883,,
20190802-133300.000,0,5260,2944.25,2944.75,2941.75,2941.75,9823,2943.45136414537,5358,4465,,
20190802-133400.000,0,6058,2941.75,2944.75,2941.25,2942,11502,2942.62912971657,5147,6355,,
20190802-133500.000,0,7356,2942,2943.25,2935.25,2936,14226,2939.07338675664,7848,6378,,
20190802-133600.000,0,7603,2936,2940.5,2935.25,2939,15492,2937.23642847922,7427,8065,,
20190802-133700.000,0,4722,2938.75,2939,2936.25,2938.5,7947,2937.83238958097,4264,3683,,
20190802-133800.000,0,4376,2938.5,2941.5,2937.25,2940.75,7240,2939.71788674033,3208,4032,,
20190802-133900.000,0,5148,2940.75,2946,2940.5,2944.5,8830,2943.65971121178,4039,4791,,
20190802-134000.000,0,4813,2944.25,2944.75,2938.75,2938.75,8252,2941.10921594765,4800,3452,,
20190802-134100.000,0,4065,2938.75,2942,2938.25,2942,6951,2939.99395770393,3314,3637,,
20190802-134200.000,0,7430,2941.75,2942.5,2936,2938.25,13574,2938.73172977752,7225,6349,,
20190802-134300.000,0,3678,2938,2940.25,2937.75,2938.75,6137,2938.91347563956,3169,2968,,
20190802-134400.000,0,3875,2938.5,2938.5,2936.75,2938,7177,2937.78661000418,4041,3136,,
20190802-134500.000,0,4089,2938,2938.25,2935.5,2936.75,7588,2936.56510279389,4267,3321,,
20190802-134600.000,0,3357,2936.75,2938.25,2936.75,2937.75,5582,2937.47088857041,2665,2917,,
20190802-134700.000,0,5046,2938,2938.25,2933.25,2933.5,9680,2935.03830061984,6122,3558,,
20190802-134800.000,0,5466,2933.5,2934.75,2931.75,2934.5,10397,2933.19101663942,5543,4854,,
20190802-134900.000,0,4337,2934.5,2935.75,2932.25,2933.25,7588,2934.31213758566,4046,3542,,
20190802-135000.000,0,3180,2933.25,2935.25,2933,2933.5,6118,2934.4253023864,3007,3111,,
20190802-135100.000,0,2975,2933.75,2935.5,2932.75,2933.5,5464,2934.03779282577,2841,2623,,
20190802-135200.000,0,2758,2933.25,2936,2933.25,2935.5,5053,2934.82292697408,2306,2747,,
20190802-135300.000,0,4524,2935.75,2939.5,2934.75,2935.5,7827,2937.18554363102,3924,3903,,
20190802-135400.000,0,2756,2935.5,2938.25,2935.25,2936.5,5197,2936.70069270733,2754,2443,,
20190802-135500.000,0,2057,2936.5,2937,2935,2935.25,3662,2936.0570043692,2101,1561,,
20190802-135600.000,0,3573,2935,2936,2933.25,2933.5,6307,2934.44664658316,3458,2849,,
20190802-135700.000,0,3626,2933.5,2937.25,2932.75,2935.5,6806,2935.01821921834,3296,3510,,
20190802-135800.000,0,2503,2935.5,2935.75,2932.5,2932.75,5270,2933.92253320683,2786,2484,,
20190802-135900.000,0,1871,2932.75,2934.75,2932.75,2934,4091,2933.88792471278,1856,2235,,
20190802-140000.000,0,3395,2934,2937.75,2933.75,2937.25,6138,2936.23330074943,2870,3268,,
20190802-140100.000,0,4699,2937,2938,2933.5,2934.25,10515,2935.62301474085,6403,4112,,
20190802-140200.000,0,3621,2934.25,2934.25,2932,2933.5,7271,2933.18793838537,4051,3220,,
20190802-140300.000,0,2581,2933.5,2935.25,2933,2933,4572,2933.91185476815,2260,2312,,
20190802-140400.000,0,3512,2933.25,2934.25,2930.75,2932,6818,2932.15459078909,4318,2500,,
20190802-140500.000,0,3399,2931.75,2933,2931.25,2931.75,6920,2932.37709537572,3590,3330,,
20190802-140600.000,0,2877,2931.75,2933.5,2931,2931.25,5600,2932.54419642857,3043,2557,,
20190802-140700.000,0,2530,2931.25,2931.75,2929.75,2930.25,6049,2930.48561745743,3965,2084,,
20190802-140800.000,0,3915,2930.25,2930.5,2928,2928.25,9748,2929.312320476,6296,3452,,
20190802-140900.000,0,2875,2928.25,2930,2928,2929.5,6773,2929.13605492396,3222,3551,,
20190802-141000.000,0,2667,2929.5,2929.75,2927.25,2927.25,6391,2928.3486934752,3916,2475,,
20190802-141100.000,0,3509,2927.5,2927.5,2925.5,2925.75,9361,2926.40679414593,5503,3858,,
20190802-141200.000,0,3343,2925.75,2926.75,2924.5,2924.75,7752,2925.4074754902,4883,2869,,
20190802-141300.000,0,6214,2924.75,2928.75,2923.5,2928,14444,2926.233297563,6530,7914,,
20190802-141400.000,0,3931,2927.75,2928,2925.5,2925.75,8327,2926.38128978023,4417,3910,,
20190802-141500.000,0,2578,2926,2927.25,2924.5,2925.75,5637,2925.82991839631,3163,2474,,
20190802-141600.000,0,2026,2925.75,2927.75,2925.25,2927,3989,2926.6870142893,1566,2423,,
20190802-141700.000,0,2385,2927.25,2928.5,2926.25,2927,4543,2927.51458287475,2348,2195,,
20190802-141800.000,0,1585,2926.75,2927.25,2925.25,2925.75,2884,2925.98274965326,1894,990,,
20190802-141900.000,0,2583,2925.75,2926.75,2924,2924.75,5463,2924.98979498444,3258,2205,,
20190802-142000.000,0,1728,2924.75,2925.75,2924.5,2924.75,3472,2925.10699884793,1950,1522,,
20190802-142100.000,0,2371,2925,2926.5,2924.25,2925.25,4887,2925.32049314508,2413,2474,,
20190802-142200.000,0,1919,2925.25,2927.25,2925.25,2926.5,3654,2926.60201149425,1634,2020,,
20190802-142300.000,0,1965,2926.5,2928.25,2926.5,2927.75,3881,2927.28929399639,1894,1987,,
20190802-142400.000,0,2693,2927.75,2929.5,2927.75,2929,5598,2928.86075384066,2151,3447,,
20190802-142500.000,0,2399,2929,2929.5,2927.5,2928,4542,2928.58647071775,2271,2271,,
20190802-142600.000,0,1530,2928,2929.75,2927.75,2929.75,2852,2928.7631486676,1128,1724,,
20190802-142700.000,0,1592,2929.5,2930,2928.5,2928.75,3020,2929.36117549669,1424,1596,,
20190802-142800.000,0,1276,2928.75,2929,2927.25,2927.25,2487,2928.04835142742,1468,1019,,
20190802-142900.000,0,1304,2927.25,2929.25,2927.25,2929,2955,2928.26768189509,1288,1667,,
20190802-143000.000,0,1974,2928.75,2929,2926,2926,3535,2927.08316831683,2341,1194,,
20190802-143100.000,0,2879,2926,2926.25,2923.25,2923.25,5675,2924.68779735683,3586,2089,,
20190802-143200.000,0,2709,2923.25,2923.75,2921.5,2921.5,5922,2922.53427895981,3170,2752,,
20190802-143300.000,0,4483,2921.5,2921.75,2918.25,2919.25,11352,2919.74832628612,7433,3919,,
20190802-143400.000,0,2306,2919.5,2919.75,2918.25,2919.25,5124,2919.00546448087,2485,2639,,
20190802-143500.000,0,3627,2919,2919.75,2917.5,2919.5,7925,2918.4661829653,4004,3921,,
20190802-143600.000,0,2485,2919.25,2920.5,2918.25,2918.5,5422,2919.55841940243,2660,2762,,
20190802-143700.000,0,3220,2918.5,2918.5,2917,2918,7546,2917.74019347999,4080,3466,,
20190802-143800.000,0,1459,2918,2919,2917.75,2918.75,2942,2918.44451053705,1348,1594,,
20190802-143900.000,0,2229,2918.5,2919.75,2918.25,2918.5,4567,2919.03694985768,2014,2553,,
20190802-144000.000,0,2818,2918.5,2918.75,2916.5,2917.25,5899,2917.34404136294,3281,2618,,
20190802-144100.000,0,2226,2917.25,2917.75,2916,2917.5,4652,2916.8086844368,2511,2141,,
20190802-144200.000,0,2297,2917.25,2919.75,2917.25,2919.75,5260,2918.54120722434,1914,3346,,
20190802-144300.000,0,2111,2919.5,2919.5,2917.75,2918.5,4968,2918.44882246377,2790,2178,,
20190802-144400.000,0,2391,2918.25,2920.75,2918.25,2920,5325,2919.78366197183,2160,3165,,
20190802-144500.000,0,2992,2920,2921.75,2918.75,2920.5,6426,2920.65106598195,3065,3361,,
20190802-144600.000,0,1803,2920.25,2920.75,2919,2919.5,3531,2919.74348626451,1670,1861,,
20190802-144700.000,0,2155,2919.5,2919.5,2917.5,2918.75,4362,2918.33235900963,2177,2185,,
20190802-144800.000,0,1892,2918.75,2918.75,2917.25,2917.75,4058,2917.81696648595,1882,2176,,
20190802-144900.000,0,1724,2917.5,2918.25,2917,2917.5,4810,2917.53009355509,2736,2074,,
20190802-145000.000,0,1664,2917.5,2917.75,2916.75,2917,3792,2917.16838080169,1768,2024,,
20190802-145100.000,0,2150,2916.75,2917.25,2915.25,2915.25,5463,2916.21160534505,3614,1849,,
20190802-145200.000,0,2418,2915.25,2915.75,2914.25,2914.75,6363,2914.92444601603,3416,2947,,
20190802-145300.000,0,2828,2914.5,2917.75,2914.5,2915.75,6440,2916.32302018634,2814,3626,,
20190802-145400.000,0,1782,2915.75,2917.25,2915.5,2917,3871,2916.5864117799,1644,2227,,
20190802-145500.000,0,1643,2917,2917.5,2916,2916.75,3588,2916.67091694537,1698,1890,,
20190802-145600.000,0,1803,2916.5,2918,2916.25,2916.75,3575,2916.90734265734,1680,1895,,
20190802-145700.000,0,3137,2916.5,2919.25,2916.25,2919,7109,2918.03291602194,3085,4024,,
20190802-145800.000,0,2298,2919,2919.25,2917,2917,4777,2918.36817039983,2317,2460,,
20190802-145900.000,0,2055,2917,2917,2914.75,2914.75,4295,2915.93247962747,2447,1848,,
20190802-150000.000,0,2703,2914.75,2915.5,2914,2914.75,6130,2914.69257748777,3111,3019,,
20190802-150100.000,0,2949,2914.5,2916.25,2913.5,2913.5,6447,2915.02276252521,3224,3223,,
20190802-150200.000,0,2562,2913.5,2915.75,2913.5,2915,5446,2914.35379177378,2861,2585,,
20190802-150300.000,0,2398,2915,2916.75,2914,2915.25,4824,2915.24922263682,2463,2361,,
20190802-150400.000,0,2636,2915.25,2915.75,2914,2914.75,4962,2914.87706569932,2529,2433,,
20190802-150500.000,0,4332,2914.5,2919.25,2914.5,2918.5,9055,2917.35171176146,3458,5597,,
20190802-150600.000,0,2337,2918.25,2918.25,2916.5,2916.75,5086,2917.47945340149,2888,2198,,
20190802-150700.000,0,2286,2916.5,2919,2916.5,2919,4874,2917.72409725072,2416,2458,,
20190802-150800.000,0,3284,2918.75,2920.5,2918.75,2920.25,6915,2920.05260303688,3093,3822,,
20190802-150900.000,0,2084,2920,2920.75,2919.5,2920,4209,2920.04442860537,1858,2351,,
20190802-151000.000,0,2925,2920,2921.5,2919.5,2921.5,5865,2920.71278772379,2317,3548,,
20190802-151100.000,0,2178,2921.5,2922.25,2920.25,2922.25,4292,2921.2954916123,2052,2240,,
20190802-151200.000,0,1964,2922.25,2922.75,2921.5,2922.75,4481,2922.30182994867,2448,2033,,
20190802-151300.000,0,2672,2923,2924.5,2922.75,2923.5,6388,2923.61055886036,2821,3567,,
20190802-151400.000,0,2055,2923.5,2923.75,2922,2923.5,4717,2922.90301038796,2648,2069,,
20190802-151500.000,0,1956,2923.25,2924.75,2922.5,2924,4385,2923.82063854048,2212,2173,,
20190802-151600.000,0,1453,2924.25,2924.75,2923,2924.75,2901,2924.05455015512,1446,1455,,
20190802-151700.000,0,2755,2924.75,2927.25,2924.25,2926.25,6994,2925.62703746068,2873,4121,,
20190802-151800.000,0,2952,2926.25,2928.25,2926.25,2927.5,7124,2927.31878158338,3000,4124,,
20190802-151900.000,0,2127,2927.5,2929.25,2927.25,2927.75,5212,2928.39955871067,2534,2678,,
20190802-152000.000,0,2497,2927.5,2927.75,2925,2926,5244,2926.0284610984,3236,2008,,
20190802-152100.000,0,2270,2926.25,2926.5,2925,2925.25,5352,2925.74943946188,2827,2525,,
20190802-152200.000,0,1898,2925.25,2925.5,2923.25,2923.5,3559,2924.26243326777,2160,1399,,
20190802-152300.000,0,1301,2923.5,2924.5,2923.25,2923.5,2400,2923.84583333333,1072,1328,,
20190802-152400.000,0,1710,2923.5,2924.5,2922.75,2923.75,3732,2923.40253215434,1742,1990,,
20190802-152500.000,0,1565,2923.75,2924.75,2923,2923,2549,2923.74019223225,1360,1189,,
20190802-152600.000,0,1223,2922.75,2924.25,2922.5,2923.75,2302,2923.3903127715,1024,1278,,
20190802-152700.000,0,1457,2924,2924.25,2922.5,2923.25,3064,2923.22699086162,1560,1504,,
20190802-152800.000,0,1322,2923.25,2925.25,2923,2923.5,2235,2924.26610738255,1005,1230,,
20190802-152900.000,0,1812,2923.75,2923.75,2921.75,2922.5,3520,2922.53806818182,1960,1560,,
20190802-153000.000,0,2010,2922.75,2923.75,2922.25,2923.75,4348,2923.05617525299,1702,2646,,
20190802-153100.000,0,2218,2923.75,2926,2923.75,2924.75,3888,2925.04102366255,1861,2027,,
20190802-153200.000,0,1531,2924.75,2924.75,2922.75,2923,3021,2923.5760509765,1506,1515,,
20190802-153300.000,0,2232,2923,2924,2921.25,2921.25,4432,2922.42396209386,2326,2106,,
20190802-153400.000,0,2179,2921.25,2922.75,2920.5,2921,4349,2921.53431823408,2266,2083,,
20190802-153500.000,0,1850,2921.25,2921.5,2919.75,2920,3643,2920.46211913258,1941,1702,,
20190802-153600.000,0,1188,2920,2920.5,2919.75,2920.25,2529,2920.08185053381,1241,1288,,
20190802-153700.000,0,1984,2920.5,2921.25,2918.5,2918.75,4247,2919.54132328703,2327,1920,,
20190802-153800.000,0,1359,2918.75,2919.75,2918.5,2918.75,2912,2919.12311126374,1437,1475,,
20190802-153900.000,0,1329,2918.75,2919.5,2918.5,2918.5,2710,2919.00867158672,1409,1301,,
20190802-154000.000,0,1971,2918.5,2919.25,2917,2918.25,4431,2917.94397427217,2594,1837,,
20190802-154100.000,0,1425,2918,2919.75,2917.75,2919.5,2917,2918.64175522797,1129,1788,,
20190802-154200.000,0,1847,2919.25,2921.5,2919,2920.75,4108,2920.15993184031,1547,2561,,
20190802-154300.000,0,1052,2920.5,2921.25,2919.5,2920.75,1862,2920.53114930183,940,922,,
20190802-154400.000,0,1220,2920.5,2920.75,2918.5,2918.75,2191,2919.6976266545,1388,803,,
20190802-154500.000,0,1175,2918.5,2919,2917.5,2917.5,2185,2918.26510297483,1235,950,,
20190802-154600.000,0,1237,2917.5,2918.5,2917,2917.5,2409,2917.66407222914,998,1411,,
20190802-154700.000,0,908,2917.5,2918.75,2917.25,2918.25,1559,2918.03784477229,756,803,,
20190802-154800.000,0,1114,2918.25,2919,2918,2918.5,2066,2918.4605517909,980,1086,,
20190802-154900.000,0,1847,2918.5,2921.5,2918.25,2920.75,3613,2920.2630777747,1382,2231,,
20190802-155000.000,0,2219,2920.75,2922,2917.75,2918.5,4319,2920.01881222505,2436,1883,,
20190802-155100.000,0,1537,2918.25,2919,2917.5,2918.5,2885,2918.50424610052,1297,1588,,
20190802-155200.000,0,2019,2918.5,2919.75,2916.5,2917.25,4132,2917.66789690223,2373,1759,,
20190802-155300.000,0,1926,2917,2920,2916.75,2919.25,4053,2918.35769800148,1543,2510,,
20190802-155400.000,0,2558,2919.25,2923.25,2919,2923.25,4947,2921.47604608854,2110,2837,,
20190802-155500.000,0,2826,2923,2924.75,2922,2924.25,5777,2923.67154232301,2988,2789,,
20190802-155600.000,0,2231,2924.25,2925.5,2923.25,2924.25,4810,2924.54693347193,2265,2545,,
20190802-155700.000,0,2022,2924,2925.75,2923.5,2924.75,3754,2924.59809536494,1921,1833,,
20190802-155800.000,0,1233,2924.75,2925.5,2923.5,2923.75,2105,2924.47672209026,1217,888,,
20190802-155900.000,0,1741,2923.75,2925.25,2923,2924.5,3095,2923.85977382876,1314,1781,,
20190802-160000.000,0,2065,2924.5,2925.75,2922.5,2923.5,3698,2923.87445916712,1936,1762,,
20190802-160100.000,0,2730,2923.25,2926.25,2923.25,2924.25,5861,2924.98767275209,2910,2951,,
20190802-160200.000,0,2067,2924,2926,2923.75,2925.25,4251,2924.96300870383,1958,2293,,
20190802-160300.000,0,859,2925,2925.75,2924.75,2925,1516,2925.03677440633,805,711,,
20190802-160400.000,0,1992,2925,2926.75,2924.75,2925.25,3748,2925.85425560299,1705,2043,,
20190802-160500.000,0,1278,2925,2926.25,2924.75,2925.5,2163,2925.37505779011,1037,1126,,
20190802-160600.000,0,1336,2925.5,2925.75,2923.5,2923.75,3411,2924.49017883319,2462,949,,
20190802-160700.000,0,1024,2923.75,2925.75,2923.5,2925.75,1864,2924.8802306867,781,1083,,
20190802-160800.000,0,2380,2925.5,2928,2925.5,2927.5,5099,2927.09918611492,2118,2981,,
20190802-160900.000,0,1457,2927.25,2928.5,2927.25,2928.25,3428,2927.92918611435,1532,1896,,
20190802-161000.000,0,1271,2928.25,2928.75,2927.5,2928.25,2580,2928.24680232558,1380,1200,,
20190802-161100.000,0,917,2928,2928.75,2927.5,2927.75,2053,2928.01546517292,1159,894,,
20190802-161200.000,0,1503,2927.75,2929,2927.5,2928.25,3543,2928.27363815975,1842,1701,,
20190802-161300.000,0,1379,2928.25,2928.25,2926.5,2927.25,2828,2927.36987270156,1703,1125,,
20190802-161400.000,0,1613,2927,2929.25,2926.25,2929.25,3170,2927.5856466877,1260,1910,,
20190802-161500.000,0,1360,2929.25,2929.5,2928.5,2929,2889,2929.13551401869,1393,1496,,
20190802-161600.000,0,917,2929,2929.5,2928.25,2929.5,1869,2929.05149812734,860,1009,,
20190802-161700.000,0,2663,2929.25,2931.75,2929.25,2930,5762,2930.79698889275,2069,3693,,
20190802-161800.000,0,1939,2930.25,2931.5,2928.75,2931.5,4182,2929.72297943568,2338,1844,,
20190802-161900.000,0,1926,2931.5,2932.75,2931,2932,4254,2931.9365303244,1708,2546,,
20190802-162000.000,0,2101,2932.25,2933,2931,2931.5,4394,2931.83750568958,2675,1719,,
20190802-162100.000,0,1498,2931.75,2932,2930.5,2930.5,2875,2931.29826086957,1743,1132,,
20190802-162200.000,0,2317,2930.5,2933.25,2930.25,2931.25,5463,2932.06489108548,2569,2894,,
20190802-162300.000,0,1496,2931.25,2931.5,2929.75,2930.5,2996,2930.47413217624,1554,1442,,
20190802-162400.000,0,1242,2930.5,2932.5,2930,2932.5,2457,2931.26393976394,1084,1373,,
20190802-162500.000,0,1592,2932.5,2933,2931.5,2931.75,2853,2932.41026989134,1535,1318,,
20190802-162600.000,0,1223,2932,2932,2930.75,2931,2371,2931.07992408267,1290,1081,,
20190802-162700.000,0,1371,2931,2931.75,2930.5,2931.5,2658,2931.15368698269,1191,1467,,
20190802-162800.000,0,1417,2931.25,2933,2931.25,2931.75,2622,2931.99809305873,1435,1187,,
20190802-162900.000,0,1246,2931.75,2933.5,2931.5,2932.75,2695,2932.49155844156,1346,1349,,
20190802-163000.000,0,1876,2933,2933.5,2930.75,2930.75,3745,2932.3981975968,2065,1680,,
20190802-163100.000,0,2117,2930.75,2931.25,2928.75,2929.25,4046,2929.98832179931,2308,1738,,
20190802-163200.000,0,1563,2929.5,2930.75,2929.25,2929.5,3134,2929.9873165284,1628,1506,,
20190802-163300.000,0,1746,2929.5,2930,2928.5,2929.75,3502,2929.3948458024,1862,1640,,
20190802-163400.000,0,1150,2929.75,2931,2929.5,2930,2365,2930.25665961945,1172,1193,,
20190802-163500.000,0,1275,2930,2931,2929.75,2930.5,2503,2930.2338194167,1337,1166,,
20190802-163600.000,0,1874,2930.25,2930.5,2928.25,2929.5,4426,2929.01129688206,2685,1741,,
20190802-163700.000,0,1428,2929.5,2930.75,2928.5,2930.25,3030,2929.32161716172,1531,1499,,
20190802-163800.000,0,752,2930.5,2930.75,2929.25,2930.25,1582,2929.99320480405,797,785,,
20190802-163900.000,0,657,2930,2930.5,2929.5,2929.75,1252,2929.97823482428,762,490,,
20190802-164000.000,0,1540,2929.5,2930.5,2928.25,2928.25,3068,2929.2222946545,1577,1491,,
20190802-164100.000,0,1264,2928.25,2928.75,2927.5,2928,2519,2928.05160778087,1351,1168,,
20190802-164200.000,0,1284,2927.75,2928.5,2927,2928.25,2732,2927.73508418741,1416,1316,,
20190802-164300.000,0,970,2928.25,2930.25,2928,2930,1980,2929.25012626263,699,1281,,
20190802-164400.000,0,1340,2929.75,2931.5,2929.25,2929.25,2600,2930.46942307692,1285,1315,,
20190802-164500.000,0,1006,2929.25,2929.75,2928.25,2928.5,2128,2929.05509868421,1273,855,,
20190802-164600.000,0,1329,2928.5,2928.5,2926.75,2927.5,2686,2927.52987714073,1490,1196,,
20190802-164700.000,0,974,2927.25,2927.5,2926.5,2927,1764,2926.90759637188,805,959,,
20190802-164800.000,0,1288,2927,2927.5,2925.75,2926.75,2446,2926.57982420278,1337,1109,,
20190802-164900.000,0,1412,2926.5,2926.75,2925.25,2925.75,2856,2926.19231442577,1677,1179,,
20190802-165000.000,0,1339,2925.5,2926.5,2925.25,2926,2714,2925.75607958733,1260,1454,,
20190802-165100.000,0,1799,2925.75,2927.75,2924.5,2927.25,3739,2925.80201925649,1842,1897,,
20190802-165200.000,0,911,2927.25,2927.75,2926.25,2926.75,1710,2927.05350877193,1027,683,,
20190802-165300.000,0,1026,2926.5,2927.5,2925.5,2926.25,1950,2926.48653846154,959,991,,
20190802-165400.000,0,1154,2926.25,2926.5,2924.75,2925.75,2267,2925.53198059109,1385,882,,
20190802-165500.000,0,1194,2925.75,2926.25,2924.5,2925.25,2621,2925.26039679512,1466,1155,,
20190802-165600.000,0,784,2925,2925.25,2924.25,2924.5,1514,2924.61228533686,810,704,,
20190802-165700.000,0,1017,2924.75,2925,2923.5,2924,1897,2924.0184501845,948,949,,
20190802-165800.000,0,1225,2924,2924.25,2922.75,2922.75,2310,2923.3869047619,1277,1033,,
20190802-165900.000,0,1330,2922.75,2923.5,2922.5,2922.75,2881,2922.78939604304,1444,1437,,
20190802-170000.000,0,4233,2923,2923.5,2919.75,2920.5,8775,2921.16339031339,5325,3450,,
20190802-170100.000,0,4215,2920.25,2920.75,2918.5,2920,9569,2919.52165848051,4605,4964,,
20190802-170200.000,0,1495,2919.75,2921.25,2919.25,2920.75,3064,2920.27480417755,1360,1704,,
20190802-170300.000,0,1600,2920.75,2922.5,2920.75,2922,3368,2921.80678444181,1500,1868,,
20190802-170400.000,0,1307,2921.75,2923,2921.25,2922,2455,2922.29643584521,1191,1264,,
20190802-170500.000,0,1260,2922,2922,2920.25,2920.75,2261,2920.94438301636,1100,1161,,
20190802-170600.000,0,683,2920.5,2920.75,2920.25,2920.5,1494,2920.3875502008,861,633,,
20190802-170700.000,0,896,2920.5,2920.5,2919.75,2920.5,1791,2920.16736460078,972,819,,
20190802-170800.000,0,1904,2920.25,2920.75,2918,2919,3930,2919.34325699746,2324,1606,,
20190802-170900.000,0,1121,2918.75,2921.25,2918.75,2921,2047,2920.11871030777,682,1365,,
20190802-171000.000,0,950,2920.75,2921,2919.25,2919.5,2087,2919.77946813608,987,1100,,
20190802-171100.000,0,872,2919.5,2920,2918.25,2918.25,1826,2918.95221796276,1210,616,,
20190802-171200.000,0,1374,2918.25,2919.5,2918,2918.25,2904,2918.70334022039,1332,1572,,
20190802-171300.000,0,1667,2918.25,2920.75,2917.75,2920.25,3688,2919.74261117137,1531,2157,,
20190802-171400.000,0,1774,2920,2920.25,2918.5,2919.25,3924,2919.37194189602,2133,1791,,
20190802-171500.000,0,1310,2919.25,2920.5,2918.5,2919.25,2680,2919.4989738806,1304,1376,,
20190802-171600.000,0,838,2919.5,2920.75,2919.5,2920.75,1497,2919.93086172345,540,957,,
20190802-171700.000,0,684,2920.5,2920.75,2919.25,2919.5,1071,2919.88982259571,546,525,,
20190802-171800.000,0,806,2919.75,2920,2918.75,2919,1324,2919.37386706949,789,535,,
20190802-171900.000,0,727,2919,2919.5,2918.5,2919.25,1238,2919.12802907916,461,777,,
20190802-172000.000,0,1284,2919.25,2920.5,2918.5,2920.5,2402,2919.74458784346,1117,1285,,
20190802-172100.000,0,1733,2920.5,2921.5,2920,2921.25,3572,2920.92469204927,1661,1911,,
20190802-172200.000,0,1426,2921,2922.75,2921,2921.75,2810,2922.10213523132,1387,1423,,
20190802-172300.000,0,1007,2921.75,2921.75,2919.5,2919.75,1678,2920.72064958284,1048,630,,
20190802-172400.000,0,699,2919.75,2920.25,2919.25,2919.75,1109,2919.64134355275,560,549,,
20190802-172500.000,0,922,2919.75,2920.25,2919.25,2919.5,1510,2919.83675496689,655,855,,
20190802-172600.000,0,782,2919.5,2919.75,2918.75,2919.25,1342,2919.28707153502,766,576,,
20190802-172700.000,0,961,2919,2920,2918.75,2919.5,1968,2919.26346544715,913,1055,,
20190802-172800.000,0,415,2919.5,2920,2919,2919.75,758,2919.50230870712,344,414,,
20190802-172900.000,0,820,2919.75,2920.75,2919.5,2919.5,1608,2920.21377487562,695,913,,
20190802-173000.000,0,938,2919.75,2920.75,2919.25,2919.75,1658,2919.82569360676,723,935,,
20190802-173100.000,0,1147,2919.75,2920,2918.25,2918.25,2117,2918.99137931034,1212,905,,
20190802-173200.000,0,1257,2918.25,2918.75,2918,2918.25,3261,2918.40202391904,1630,1631,,
20190802-173300.000,0,785,2918.5,2919.25,2918.5,2918.75,1467,2918.80777096115,548,919,,
20190802-173400.000,0,948,2918.75,2918.75,2917.75,2918,1780,2918.35688202247,1083,697,,
20190802-173500.000,0,919,2918,2919,2917.75,2918,1612,2918.21774193548,847,765,,
20190802-173600.000,0,1014,2918,2918.25,2917.25,2917.5,1819,2917.67262231996,1041,778,,
20190802-173700.000,0,1485,2917.75,2918,2916.25,2916.5,2878,2917.0074704656,1733,1145,,
20190802-173800.000,0,666,2916.5,2917,2916.5,2917,1323,2916.84939531368,494,829,,
20190802-173900.000,0,1008,2917,2919,2916.75,2918.25,2059,2917.70131131617,611,1448,,
20190802-174000.000,0,1395,2918.25,2920,2918.25,2919.5,2868,2919.13580892608,939,1929,,
20190802-174100.000,0,1203,2919.25,2921,2919.25,2920.5,2318,2920.25787316652,844,1474,,
20190802-174200.000,0,959,2920.5,2921,2920.25,2921,1936,2920.55940082645,816,1120,,
20190802-174300.000,0,1245,2921,2922,2920.75,2920.75,2438,2921.32916324856,1189,1249,,
20190802-174400.000,0,964,2920.75,2920.75,2919.25,2920,1650,2919.94818181818,892,758,,
20190802-174500.000,0,580,2919.75,2920.75,2919.25,2920.5,1005,2919.95298507463,337,668,,
20190802-174600.000,0,1204,2920.5,2922.25,2920.5,2922,2179,2921.50149150987,820,1359,,
20190802-174700.000,0,1084,2922,2922.5,2921,2921,1826,2922.069550931,918,908,,
20190802-174800.000,0,843,2921,2921.5,2920,2920.5,1525,2920.74704918033,805,720,,
20190802-174900.000,0,906,2920.5,2920.75,2919.25,2919.5,1524,2919.85433070866,827,697,,
20190802-175000.000,0,1059,2919.75,2919.75,2918.5,2919.25,1832,2919.06509279476,1026,806,,
20190802-175100.000,0,916,2919.25,2920.75,2919,2920,1729,2919.97411798728,730,999,,
20190802-175200.000,0,700,2920,2920,2919,2919.25,1349,2919.5342846553,692,657,,
20190802-175300.000,0,854,2919.25,2919.75,2918.5,2919.5,1554,2919.13963963964,754,800,,
20190802-175400.000,0,854,2919.5,2921,2919.25,2921,1592,2920.48146984925,576,1016,,
20190802-175500.000,0,1095,2921,2921.75,2919.25,2921.5,1905,2920.49803149606,945,960,,
20190802-175600.000,0,730,2921.5,2921.5,2919.75,2919.75,1229,2920.3846623271,657,572,,
20190802-175700.000,0,609,2919.75,2920.5,2919.25,2920,1053,2919.73741690408,431,622,,
20190802-175800.000,0,903,2920,2920.25,2918.75,2919.5,1541,2919.44208306295,841,700,,
20190802-175900.000,0,744,2919.5,2920.25,2919.25,2919.5,1318,2919.76688163885,572,746,,
20190802-180000.000,0,1114,2919.5,2920.5,2918.5,2919.25,2484,2919.66606280193,1283,1201,,
20190802-180100.000,0,1821,2919.25,2920.5,2917.75,2920.25,3303,2918.73153194066,1641,1662,,
20190802-180200.000,0,1538,2920.25,2920.25,2917.75,2920,3524,2919.25120601589,1738,1786,,
20190802-180300.000,0,1672,2920,2922.5,2919.75,2920.25,2897,2921.29539178461,1407,1490,,
20190802-180400.000,0,1499,2920.25,2922.25,2920.25,2921.25,2852,2921.31363955119,1080,1772,,
20190802-180500.000,0,976,2921.25,2922.75,2920.75,2922.5,1779,2921.85623946037,722,1057,,
20190802-180600.000,0,2866,2922.5,2925.5,2921.5,2925.5,6052,2924.00231328486,2278,3774,,
20190802-180700.000,0,2048,2925.75,2926.25,2923,2923.5,4056,2924.20266272189,2257,1799,,
20190802-180800.000,0,1131,2923.75,2924.75,2923.75,2924.25,2354,2924.34059048428,1094,1260,,
20190802-180900.000,0,808,2924,2924.25,2923.5,2923.75,1996,2923.98496993988,1015,981,,
20190802-181000.000,0,1004,2924,2925,2923.25,2925,1998,2924.17292292292,781,1217,,
20190802-181100.000,0,978,2924.75,2926,2924.75,2925.5,1839,2925.21220772159,782,1057,,
20190802-181200.000,0,1089,2925.5,2926.75,2925,2926.25,2046,2925.75635386119,852,1194,,
20190802-181300.000,0,739,2926.5,2926.5,2925.25,2926,1257,2925.87012728719,789,468,,
20190802-181400.000,0,1358,2926,2928.25,2926,2928,2466,2926.92913625304,861,1605,,
20190802-181500.000,0,1745,2928,2928,2925.5,2926.25,4059,2926.51878541513,2195,1864,,
20190802-181600.000,0,1256,2926.25,2927.25,2924.75,2924.75,2135,2925.95011709602,1301,834,,
20190802-181700.000,0,1600,2924.75,2926,2924,2924.25,3059,2924.87585812357,1686,1373,,
20190802-181800.000,0,1395,2924.5,2925.75,2924,2925,2521,2924.7284807616,1092,1429,,
20190802-181900.000,0,801,2925.25,2926.5,2925,2925.25,1389,2925.60637149028,653,736,,
20190802-182000.000,0,841,2925.5,2927,2925.25,2926,1478,2926.06748985115,586,892,,
20190802-182100.000,0,1272,2926.25,2927.5,2926,2927.5,2272,2926.77057658451,881,1391,,
20190802-182200.000,0,1449,2927.5,2927.75,2926.25,2927.25,2530,2927.21304347826,1116,1414,,
20190802-182300.000,0,1815,2927.5,2930,2927.5,2929,3481,2929.00402183281,1123,2358,,
20190802-182400.000,0,3439,2929,2931.25,2928.75,2929,7153,2930.11337900182,3365,3788,,
20190802-182500.000,0,1692,2929,2930.75,2928,2928.25,3334,2929.41541691662,1861,1473,,
20190802-182600.000,0,1305,2928.25,2928.75,2927.25,2927.25,2603,2927.97262773723,1476,1127,,
20190802-182700.000,0,1257,2927.25,2927.5,2926,2926.25,2345,2926.87739872068,1221,1124,,
20190802-182800.000,0,1945,2926.25,2926.75,2925,2925.75,4220,2925.75817535545,1799,2421,,
20190802-182900.000,0,916,2925.75,2927.25,2925.75,2926.5,1546,2926.49514877102,564,982,,
20190802-183000.000,0,820,2926.75,2927,2925.75,2927,1382,2926.37047756874,625,757,,
20190802-183100.000,0,763,2926.75,2927.5,2926.25,2926.5,1388,2926.75900576369,829,559,,
20190802-183200.000,0,640,2926.25,2927.25,2926.25,2926.25,1073,2926.82525629077,493,580,,
20190802-183300.000,0,2130,2926.5,2926.75,2924,2925.25,3922,2924.93453595105,2388,1534,,
20190802-183400.000,0,1141,2925.25,2925.75,2924.75,2925.25,2017,2925.18542389688,950,1067,,
20190802-183500.000,0,589,2925.25,2926,2924.75,2925.5,1183,2925.34636517329,608,575,,
20190802-183600.000,0,1228,2925.5,2927.25,2924.5,2927,2488,2925.98110932476,1191,1297,,
20190802-183700.000,0,1980,2927,2929.5,2927,2927.5,4076,2928.26061089303,1914,2162,,
20190802-183800.000,0,898,2927.5,2927.75,2926.5,2927.75,1721,2927.08556072051,767,954,,
20190802-183900.000,0,1660,2928,2929.75,2927.5,2929.5,3163,2928.78936136579,1269,1894,,
20190802-184000.000,0,1209,2929.5,2929.75,2927.25,2928.25,2351,2928.21278179498,1157,1194,,
20190802-184100.000,0,1368,2928.25,2928.75,2926.75,2927.25,2510,2927.42898406375,1381,1129,,
20190802-184200.000,0,642,2927.25,2928.5,2927,2928.5,1070,2927.75724299065,428,642,,
20190802-184300.000,0,1156,2928.5,2929.75,2928.25,2929.25,1985,2929.12481108312,901,1084,,
20190802-184400.000,0,1321,2929.25,2929.25,2927.5,2928.75,2413,2928.44539991712,1221,1192,,
20190802-184500.000,0,1128,2928.75,2929.25,2927,2929.25,1914,2928.07210031348,877,1037,,
20190802-184600.000,0,1249,2929.25,2930,2928.25,2929,2050,2929.29451219512,865,1185,,
20190802-184700.000,0,1542,2929,2929,2926.25,2926.75,2807,2927.2775204845,1650,1157,,
20190802-184800.000,0,2025,2926.75,2927.5,2925,2925.75,3782,2926.26520359598,2276,1506,,
20190802-184900.000,0,3020,2925.75,2927.75,2925,2926.5,5709,2926.14608512874,2641,3068,,
20190802-185000.000,0,2229,2926.75,2927.5,2925,2925.75,3814,2926.55007865758,2100,1714,,
20190802-185100.000,0,1455,2925.75,2926,2924.25,2924.75,2437,2924.91639310628,1258,1179,,
20190802-185200.000,0,907,2924.75,2925.75,2924.5,2925.5,1535,2925.17231270358,806,729,,
20190802-185300.000,0,799,2925.5,2926.25,2924.75,2925.25,1466,2925.54348567531,700,766,,
20190802-185400.000,0,813,2925.25,2926,2924.75,2925.5,1280,2925.5216796875,611,669,,
20190802-185500.000,0,1132,2925.5,2925.5,2924.25,2924.75,2064,2924.86652131783,1163,901,,
20190802-185600.000,0,1773,2924.5,2924.5,2923,2924.25,3634,2923.81989543203,2089,1545,,
20190802-185700.000,0,742,2924,2925.25,2924,2924.75,1218,2924.8117816092,596,622,,
20190802-185800.000,0,681,2924.75,2925.5,2924.5,2925,1159,2924.9572907679,525,634,,
20190802-185900.000,0,1473,2925.25,2927.25,2925,2927.25,2706,2926.35679970436,1136,1570,,
20190802-190000.000,0,1870,2927.5,2928,2925.75,2927.5,3073,2926.84697364139,1572,1501,,
20190802-190100.000,0,1696,2927.5,2929.5,2927.5,2928.25,3258,2928.65454266421,1266,1992,,
20190802-190200.000,0,988,2928,2928.5,2927.25,2928,1885,2927.8151193634,1004,881,,
20190802-190300.000,0,787,2927.75,2928.75,2927.5,2928.25,1498,2928.04806408545,832,666,,
20190802-190400.000,0,1200,2928.25,2928.25,2926.25,2926.5,2265,2927.22505518764,1245,1020,,
20190802-190500.000,0,841,2926.5,2928,2926.5,2927.75,1573,2927.42943420216,707,866,,
20190802-190600.000,0,836,2927.5,2927.5,2926.25,2926.25,1533,2926.63829093281,885,648,,
20190802-190700.000,0,1161,2926.25,2926.25,2925,2925.25,2301,2925.50706214689,1256,1045,,
20190802-190800.000,0,1142,2925.25,2927.25,2925.25,2926.75,2414,2926.32870753935,947,1467,,
20190802-190900.000,0,995,2926.75,2927.25,2925.25,2925.5,1889,2926.24483853891,1029,860,,
20190802-191000.000,0,852,2925.5,2925.5,2924.5,2924.5,1721,2924.96978500872,904,817,,
20190802-191100.000,0,2311,2924.5,2924.5,2922.5,2922.75,5048,2923.38946117274,3159,1889,,
20190802-191200.000,0,1531,2922.75,2923.75,2922.5,2923,3096,2923.00452196382,1710,1386,,
20190802-191300.000,0,910,2923.25,2923.5,2922.25,2922.5,1754,2922.86502280502,967,787,,
20190802-191400.000,0,787,2922.5,2923,2921.75,2922,1459,2922.36137765593,819,640,,
20190802-191500.000,0,1241,2922,2923.25,2921.75,2923.25,2420,2922.34204545455,920,1500,,
20190802-191600.000,0,2042,2923.25,2923.25,2921,2922.5,4866,2922.12535963831,2630,2236,,
20190802-191700.000,0,1164,2922.5,2923.75,2921.75,2923.75,2263,2922.76524524967,761,1502,,
20190802-191800.000,0,1430,2923.75,2924.5,2923.25,2923.75,2760,2923.99628623188,1355,1405,,
20190802-191900.000,0,839,2923.5,2924.75,2923.5,2924.5,1609,2924.30966438782,657,952,,
20190802-192000.000,0,1979,2924.5,2927.75,2924,2927,4073,2926.02289467223,1290,2783,,
20190802-192100.000,0,1577,2927,2927.75,2926.5,2926.75,2984,2927.24916219839,1495,1489,,
20190802-192200.000,0,2710,2926.75,2929.75,2926.5,2929.25,5794,2928.84078356921,1953,3841,,
20190802-192300.000,0,2068,2929.25,2931,2929.25,2929.75,4686,2930.2412505335,1908,2778,,
20190802-192400.000,0,1467,2930,2931.25,2929.75,2931.25,3052,2930.5746231979,1150,1902,,
20190802-192500.000,0,1979,2931.25,2932.25,2929.75,2932.25,4110,2931.26392944039,1974,2136,,
20190802-192600.000,0,4423,2932.25,2935,2932.25,2933.75,9797,2933.82259875472,4329,5468,,
20190802-192700.000,0,2165,2934,2934,2932,2932.5,4383,2932.70328542094,2450,1933,,
20190802-192800.000,0,2361,2932.5,2934.5,2932.5,2934,4211,2933.53431488958,1721,2490,,
20190802-192900.000,0,1604,2934,2934.5,2932.75,2932.75,2900,2933.53724137931,1624,1276,,
20190802-193000.000,0,2227,2933,2934.25,2931.75,2934,4154,2932.9513721714,1842,2312,,
20190802-193100.000,0,2833,2933.75,2935,2932.25,2932.5,5850,2934.02320512821,2612,3238,,
20190802-193200.000,0,2240,2932.5,2933.25,2931.5,2932,4215,2932.49205219454,2068,2147,,
20190802-193300.000,0,1092,2932,2932,2931.5,2931.5,2122,2931.75047125353,1141,981,,
20190802-193400.000,0,2723,2931.5,2932.5,2930.5,2931,5668,2931.28907904023,2879,2789,,
20190802-193500.000,0,2879,2931,2932.5,2930.5,2932,6026,2931.6847826087,2523,3503,,
20190802-193600.000,0,7625,2932,2939.75,2932,2938.5,18709,2936.63608423753,6874,11835,,
20190802-193700.000,0,13087,2938.5,2945,2936.25,2939.25,34424,2940.09868115268,17308,17116,,
20190802-193800.000,0,5725,2939.25,2940.5,2936.75,2938,12629,2938.44573996358,6439,6190,,
20190802-193900.000,0,2750,2938.25,2939.5,2936.75,2938.75,6088,2938.04570466491,2813,3275,,
20190802-194000.000,0,2817,2939,2940,2937.75,2939.25,6108,2938.98256385069,2778,3330,,
20190802-194100.000,0,2313,2939.25,2940.5,2938.25,2938.25,4875,2939.73220512821,2513,2362,,
20190802-194200.000,0,2918,2938.25,2939.75,2936,2936,6337,2937.38724948714,3913,2424,,
20190802-194300.000,0,2242,2936,2937.25,2935.75,2936.75,5723,2936.50908614363,2414,3309,,
20190802-194400.000,0,1990,2936.75,2937.75,2936.5,2936.5,3894,2937.14862609142,2091,1803,,
20190802-194500.000,0,3698,2936.75,2937,2933.25,2933.5,8687,2935.13871301945,4773,3914,,
20190802-194600.000,0,2523,2933.5,2934.75,2933,2934.5,5485,2933.82689152233,2882,2603,,
20190802-194700.000,0,1338,2934.5,2934.75,2932.75,2933.25,3135,2933.87926634769,1475,1660,,
20190802-194800.000,0,1215,2933.25,2934,2933,2933,2658,2933.37763355907,1423,1235,,
20190802-194900.000,0,2226,2933.25,2934.25,2931.75,2932,5427,2932.89137645108,3021,2406,,
20190802-195000.000,0,2939,2932,2933.25,2930.75,2930.75,7686,2932.09507546188,4477,3209,,
20190802-195100.000,0,1951,2930.5,2931,2929.5,2931,4412,2930.24308703536,2108,2304,,
20190802-195200.000,0,2240,2931,2931.5,2929.75,2930.5,5413,2930.48009421762,3098,2315,,
20190802-195300.000,0,3435,2930.25,2930.5,2927.25,2928.5,7170,2928.34107391911,3846,3324,,
20190802-195400.000,0,3910,2928.5,2930.25,2927,2927.5,8723,2928.57958844434,4393,4330,,
20190802-195500.000,0,6605,2927.75,2933.5,2927.25,2932,14428,2930.50483434988,6520,7908,,
20190802-195600.000,0,4332,2932.25,2933.75,2931.75,2933.25,9874,2932.66267470124,5305,4569,,
20190802-195700.000,0,4732,2933,2933.75,2930.5,2931.25,10436,2931.66881467995,6288,4148,,
20190802-195800.000,0,3834,2931,2931.5,2929.75,2930.25,8451,2930.59238551651,4891,3560,,
20190802-195900.000,0,12772,2930.5,2932.5,2929.25,2932,46113,2930.88182833474,25326,20787,,
20190802-200000.000,0,7374,2931.75,2932.25,2928.75,2929.75,25267,2930.11062848775,13346,11921,,
20190802-200100.000,0,2094,2930,2930.5,2929.5,2930,4640,2929.95037715517,2195,2445,,
20190802-200200.000,0,1155,2930,2930.75,2929.75,2930.5,3817,2930.25995546241,2075,1742,,
20190802-200300.000,0,1177,2930.5,2931.75,2930.25,2931.25,3424,2931.07242990654,1453,1971,,
20190802-200400.000,0,1370,2931.5,2933.25,2931.25,2932.5,4147,2932.2694719074,2068,2079,,
20190802-200500.000,0,505,2932.75,2933,2932.25,2932.75,1727,2932.66951360741,960,767,,
20190802-200600.000,0,796,2932.75,2933.75,2932.5,2933.5,2255,2933.15354767184,957,1298,,
20190802-200700.000,0,966,2933.5,2934,2933,2933.5,2122,2933.45240339303,999,1123,,
20190802-200800.000,0,583,2933.5,2934.5,2933.5,2934.25,1439,2933.81706045865,615,824,,
20190802-200900.000,0,560,2934.25,2934.25,2933.5,2933.5,1699,2933.86830488523,953,746,,
20190802-201000.000,0,1208,2933.5,2933.75,2931.25,2931.75,3149,2932.14742775484,1804,1345,,
20190802-201100.000,0,495,2931.5,2932,2931.25,2931.75,1175,2931.59510638298,578,597,,
20190802-201200.000,0,395,2931.75,2932,2931.25,2931.75,1032,2931.53125,622,410,,
20190802-201300.000,0,865,2931.75,2932.25,2931.25,2931.75,2578,2931.81991854151,1109,1469,,
20190802-201400.000,0,2998,2932,2933.75,2930.75,2931.75,9525,2932.23304461942,4756,4769,,
20190802-203000.000,0,251,2932,2933,2931.75,2932.5,593,2932.09738617201,242,169,,
20190802-203100.000,0,331,2932.75,2933.25,2931.75,2933.25,589,2932.69524617997,353,236,,
20190802-203200.000,0,118,2933.5,2933.5,2932.75,2933.25,304,2933.11677631579,165,139,,
20190802-203300.000,0,141,2933.25,2933.75,2933,2933.5,351,2933.46011396011,151,200,,
20190802-203400.000,0,105,2933.5,2933.5,2933,2933,474,2933.2858649789,244,230,,
20190802-203500.000,0,49,2933,2933.25,2932.75,2933,176,2933.13352272727,73,103,,
20190802-203600.000,0,43,2932.75,2933.25,2932.75,2933,227,2932.99449339207,89,138,,
20190802-203700.000,0,49,2933,2933.25,2932.75,2933,148,2933.0472972973,103,45,,
20190802-203800.000,0,180,2933.25,2933.75,2932.75,2933.25,410,2933.23170731707,158,252,,
20190802-203900.000,0,134,2933.25,2934.5,2933.25,2934.5,362,2933.78038674033,112,250,,
20190802-204000.000,0,110,2934.25,2934.5,2933.25,2933.25,241,2933.89004149378,202,39,,
20190802-204100.000,0,96,2933.5,2933.75,2933.25,2933.25,214,2933.4964953271,155,59,,
20190802-204200.000,0,106,2933.25,2934,2933.25,2934,200,2933.75875,82,118,,
20190802-204300.000,0,149,2934,2934.5,2933.75,2934.5,289,2934.27249134948,97,192,,
20190802-204400.000,0,97,2934.25,2934.5,2933.75,2934.25,154,2934.07305194805,97,57,,
20190802-204500.000,0,83,2934.25,2934.5,2933.75,2933.75,183,2934.13524590164,111,72,,
20190802-204600.000,0,67,2934,2934.25,2933.75,2934.25,180,2934.07638888889,76,104,,
20190802-204700.000,0,52,2934.25,2934.5,2934.25,2934.5,72,2934.44791666667,24,48,,
20190802-204800.000,0,75,2934.25,2934.5,2934.25,2934.5,267,2934.41292134832,85,182,,
20190802-204900.000,0,68,2934.5,2934.75,2934.25,2934.75,151,2934.54139072848,115,36,,
20190802-205000.000,0,92,2934.5,2935,2934.5,2934.5,421,2934.61757719715,178,243,,
20190802-205100.000,0,193,2934.75,2935.5,2934.5,2934.75,619,2935.13893376414,270,349,,
20190802-205200.000,0,82,2934.75,2935,2934.5,2934.5,271,2934.66881918819,237,34,,
20190802-205300.000,0,35,2934.25,2934.75,2934.25,2934.25,138,2934.45833333333,90,48,,
20190802-205400.000,0,54,2934.25,2934.5,2934.25,2934.25,331,2934.47960725076,127,204,,
20190802-205500.000,0,90,2934.5,2934.5,2934,2934.5,269,2934.2407063197,143,126,,
20190802-205600.000,0,105,2934.25,2934.75,2934,2934.5,391,2934.56457800512,54,337,,
20190802-205700.000,0,51,2934.5,2934.75,2934.25,2934.5,267,2934.47003745318,164,103,,
20190802-205800.000,0,73,2934.25,2934.75,2934.25,2934.75,404,2934.53403465347,112,292,,
20190802-205900.000,0,155,2934.75,2935,2934.5,2934.5,601,2934.68053244592,384,217,,
