Time,Sequence,Count,Open,High,Low,Close,Volume,VWAP,BidVolume,AskVolume,ImpVolatility,OpenInterest
20200817-000000.000,0,148,3370.25,3370.5,3369.25,3369.75,174,3369.78304597701,118,56,0.2328,2651273
20200817-000100.000,0,208,3369.75,3369.75,3368.25,3369.25,247,3369.01923076923,169,78,0.2331,2651273
20200817-000200.000,0,148,3369.25,3370,3369.25,3370,170,3369.67352941177,90,80,0.233,2651273
20200817-000300.000,0,95,3370,3370,3369.5,3369.75,100,3369.7,50,50,0.233,2651273
20200817-000400.000,0,90,3369.75,3370.25,3369.5,3370.25,100,3370.0475,36,64,0.233,2651273
20200817-000500.000,0,84,3370.25,3370.5,3370,3370.25,112,3370.20535714286,55,57,0.2329,2651273
20200817-000600.000,0,58,3370.25,3370.25,3370,3370.25,59,3370.19915254237,36,23,0.2328,2651273
20200817-000700.000,0,165,3370.25,3370.5,3370,3370,198,3370.15656565657,120,78,0.2328,2651273
20200817-000800.000,0,104,3370,3370.75,3370,3370.5,134,3370.32276119403,46,88,0.2328,2651273
20200817-000900.000,0,107,3370.5,3371,3370.25,3370.5,149,3370.61409395973,81,68,0.2327,2651273
20200817-001000.000,0,136,3370.5,3370.75,3370,3370.75,147,3370.46088435374,50,97,0.2328,2651273
20200817-001100.000,0,82,3370.75,3370.75,3370.5,3370.75,91,3370.62637362637,56,35,0.2328,2651273
20200817-001200.000,0,115,3370.75,3370.75,3370.5,3370.5,150,3370.625,102,48,0.2327,2651273
20200817-001300.000,0,133,3370.5,3370.75,3370.25,3370.5,155,3370.51129032258,78,77,0.2327,2651273
20200817-001400.000,0,95,3370.5,3370.75,3369.75,3370.75,108,3370.3125,75,33,0.2327,2651273
20200817-001500.000,0,119,3370.75,3371,3370,3370.25,150,3370.345,100,50,0.2327,2651273
20200817-001600.000,0,83,3370.25,3370.75,3370,3370.75,97,3370.44845360825,45,52,0.2327,2651273
20200817-001700.000,0,44,3370.75,3370.75,3370.5,3370.5,46,3370.6902173913,29,17,0.2327,2651273
20200817-001800.000,0,60,3370.25,3370.5,3370.25,3370.5,71,3370.39084507042,41,30,0.2326,2651273
20200817-001900.000,0,140,3370.5,3370.5,3369.75,3369.75,163,3370.00766871166,98,65,0.2327,2651273
20200817-002000.000,0,113,3369.75,3370,3369.75,3369.75,140,3369.82321428571,59,81,0.2327,2651273
20200817-002100.000,0,84,3369.75,3369.75,3369.25,3369.75,98,3369.57397959184,67,31,0.2328,2651273
20200817-002200.000,0,121,3369.75,3370.5,3369.75,3370.5,134,3370.21641791045,44,90,0.2328,2651273
20200817-002300.000,0,155,3370.75,3371.25,3370.5,3370.75,199,3370.93467336683,57,142,0.2328,2651273
20200817-002400.000,0,81,3370.75,3371,3370.75,3370.75,97,3370.88144329897,45,52,0.2325,2651273
20200817-002500.000,0,25,3370.75,3371,3370.75,3370.75,26,3370.77884615385,11,15,0.2326,2651273
20200817-002600.000,0,61,3370.75,3371.25,3370.5,3371.25,66,3370.94696969697,35,31,0.2326,2651273
20200817-002700.000,0,40,3371.25,3371.25,3371,3371.25,48,3371.1875,15,33,0.2325,2651273
20200817-002800.000,0,80,3371.25,3371.5,3371.25,3371.5,98,3371.34183673469,50,48,0.2325,2651273
20200817-002900.000,0,139,3371.25,3371.25,3370.75,3370.75,171,3370.8216374269,94,77,0.2325,2651273
20200817-003000.000,0,125,3370.75,3371.5,3370.75,3371.25,140,3371.1,61,79,0.2325,2651273
20200817-003100.000,0,66,3371.25,3371.5,3371,3371.25,78,3371.23076923077,44,34,0.2324,2651273
20200817-003200.000,0,96,3371.5,3371.5,3370.75,3370.75,109,3371.0504587156,67,42,0.2324,2651273
20200817-003300.000,0,111,3370.75,3371,3370.5,3371,130,3370.86346153846,57,73,0.2324,2651273
20200817-003400.000,0,54,3371,3371,3370.5,3370.5,63,3370.62301587302,45,18,0.2324,2651273
20200817-003500.000,0,56,3370.5,3371,3370.5,3371,64,3370.85546875,28,36,0.2324,2651273
20200817-003600.000,0,51,3371.25,3371.25,3370.75,3371,53,3371.21698113208,20,33,0.2325,2651273
20200817-003700.000,0,86,3371.25,3371.25,3370.75,3370.75,96,3371.08333333333,49,47,0.2325,2651273
20200817-003800.000,0,54,3370.5,3370.75,3370.5,3370.75,67,3370.55223880597,36,31,0.2324,2651273
20200817-003900.000,0,95,3370.75,3371,3370.5,3370.5,106,3370.77594339623,55,51,0.2324,2651273
20200817-004000.000,0,167,3370.5,3370.5,3369.75,3370,204,3369.95465686275,152,52,0.2327,2651273
20200817-004100.000,0,78,3370,3370.5,3369.75,3370.25,91,3370.05494505495,44,47,0.233,2651273
20200817-004200.000,0,40,3370,3370,3369.75,3370,42,3369.9880952381,40,2,0.233,2651273
20200817-004300.000,0,167,3369.75,3369.75,3369,3369.25,200,3369.43875,156,44,0.233,2651273
20200817-004400.000,0,160,3369,3369.25,3368.75,3369.25,208,3369.05528846154,121,87,0.2332,2651273
20200817-004500.000,0,139,3369,3369.75,3369,3369.25,153,3369.46241830065,67,86,0.2331,2651273
20200817-004600.000,0,122,3369.25,3369.25,3368.75,3368.75,170,3368.89558823529,116,54,0.2331,2651273
20200817-004700.000,0,44,3368.75,3369.25,3368.75,3369.25,49,3369.01020408163,21,28,0.2331,2651273
20200817-004800.000,0,32,3369,3369.25,3369,3369.25,32,3369.171875,22,10,0.2332,2651273
20200817-004900.000,0,110,3369.25,3369.25,3368.75,3369.25,124,3369.07258064516,57,67,0.2332,2651273
20200817-005000.000,0,97,3369.25,3369.25,3368.5,3368.5,115,3368.69347826087,83,32,0.2332,2651273
20200817-005100.000,0,53,3368.75,3369.25,3368.75,3369.25,78,3368.95192307692,19,59,0.2334,2651273
20200817-005200.000,0,122,3369.25,3369.5,3369,3369,137,3369.08759124088,78,59,0.2332,2651273
20200817-005300.000,0,112,3369,3369,3368.25,3368.5,140,3368.57321428571,83,57,0.2332,2651273
20200817-005400.000,0,81,3368.5,3368.75,3368.5,3368.5,89,3368.55056179775,55,34,0.2334,2651273
20200817-005500.000,0,92,3368.25,3368.5,3368,3368.25,107,3368.21962616822,63,44,0.2334,2651273
20200817-005600.000,0,116,3368,3368.25,3367.75,3367.75,170,3368.03382352941,119,51,0.2334,2651273
20200817-005700.000,0,84,3368,3368.25,3367.75,3368.25,91,3368.07967032967,52,39,0.2334,2651273
20200817-005800.000,0,40,3368.25,3368.75,3368.25,3368.75,59,3368.57203389831,5,54,0.2333,2651273
20200817-005900.000,0,105,3369,3369.25,3368.75,3369,115,3369.02608695652,59,56,0.2333,2651273
20200817-010000.000,0,130,3368.75,3369.5,3368.5,3369.25,151,3368.94205298013,75,76,0.2331,2651273
20200817-010100.000,0,64,3369.25,3369.5,3369,3369,69,3369.10869565217,46,23,0.233,2651273
20200817-010200.000,0,34,3369.25,3369.5,3369,3369,34,3369.22058823529,13,21,0.2329,2651273
20200817-010300.000,0,140,3369,3369.25,3367.75,3368.25,162,3368.16975308642,118,44,0.2333,2651273
20200817-010400.000,0,87,3368.25,3368.5,3368,3368,96,3368.1796875,49,47,0.2333,2651273
20200817-010500.000,0,105,3368,3368.75,3368,3368.75,133,3368.43796992481,54,79,0.2335,2651273
20200817-010600.000,0,113,3368.75,3369.5,3368.75,3369.25,153,3369.15359477124,60,93,0.2332,2651273
20200817-010700.000,0,67,3369.25,3369.25,3368.75,3369,82,3369.00609756098,57,25,0.2332,2651273
20200817-010800.000,0,7,3369,3369.25,3369,3369,7,3369.10714285714,4,3,0.2332,2651273
20200817-010900.000,0,90,3369.25,3369.75,3369.25,3369.5,108,3369.41435185185,41,67,0.2332,2651273
20200817-011000.000,0,53,3369.75,3369.75,3369.5,3369.5,73,3369.74315068493,29,44,0.2329,2651273
20200817-011100.000,0,46,3369.5,3369.75,3369.5,3369.5,50,3369.61,38,12,0.2329,2651273
20200817-011200.000,0,49,3369.75,3370,3369.5,3369.75,58,3369.8275862069,24,34,0.2329,2651273
20200817-011300.000,0,42,3369.75,3370,3369.75,3370,48,3369.78125,30,18,0.2329,2651273
20200817-011400.000,0,60,3370,3370.25,3370,3370,78,3370.04487179487,32,46,0.2329,2651273
20200817-011500.000,0,241,3369.75,3369.75,3368.75,3369.25,308,3369.26866883117,166,142,0.2329,2651273
20200817-011600.000,0,129,3369,3370,3368.5,3370,152,3369.28125,52,100,0.2329,2651273
20200817-011700.000,0,106,3369.75,3370,3369.75,3369.75,124,3369.76209677419,78,46,0.2329,2651273
20200817-011800.000,0,102,3369.75,3369.75,3369.5,3369.75,113,3369.71238938053,80,33,0.2329,2651273
20200817-011900.000,0,84,3369.75,3370.25,3369.75,3370.25,105,3369.83571428571,52,53,0.2329,2651273
20200817-012000.000,0,168,3370.25,3371,3370,3370.75,225,3370.44666666667,66,159,0.2327,2651273
20200817-012100.000,0,119,3371,3371,3370.5,3370.5,134,3370.72388059702,78,56,0.2327,2651273
20200817-012200.000,0,75,3370.5,3370.75,3370.25,3370.5,84,3370.50297619048,45,39,0.2326,2651273
20200817-012300.000,0,33,3370.25,3370.5,3370.25,3370.5,36,3370.48611111111,19,17,0.2327,2651273
20200817-012400.000,0,61,3370.25,3370.25,3370,3370.25,64,3370.21875,40,24,0.2327,2651273
20200817-012500.000,0,56,3370.25,3370.75,3370.25,3370.75,63,3370.44047619048,26,37,0.2327,2651273
20200817-012600.000,0,279,3370.5,3370.75,3369.75,3370.5,390,3370.16217948718,228,162,0.2332,2651273
20200817-012700.000,0,40,3370.5,3370.5,3370,3370.25,42,3370.30952380952,33,9,0.2327,2651273
20200817-012800.000,0,37,3370.25,3370.75,3370.25,3370.5,37,3370.52027027027,19,18,0.2327,2651273
20200817-012900.000,0,70,3370.5,3371.25,3370.5,3371,94,3370.93617021277,25,69,0.2327,2651273
20200817-013000.000,0,215,3371.25,3371.75,3371.25,3371.5,289,3371.53027681661,70,219,0.2323,2651273
20200817-013100.000,0,125,3371.75,3371.75,3370.5,3370.75,194,3371.12757731959,145,49,0.2322,2651273
20200817-013200.000,0,128,3370.5,3371.25,3370,3371,168,3370.56547619048,79,89,0.2325,2651273
20200817-013300.000,0,158,3370.75,3371.25,3370.5,3370.5,202,3370.78589108911,106,96,0.2325,2651273
20200817-013400.000,0,143,3370.5,3370.75,3369.25,3369.5,194,3369.8118556701,125,69,0.2326,2651273
20200817-013500.000,0,129,3369.75,3370,3369.5,3369.75,156,3369.79166666667,83,73,0.2328,2651273
20200817-013600.000,0,112,3369.5,3369.75,3369,3369.75,172,3369.52034883721,97,75,0.2329,2651273
20200817-013700.000,0,111,3369.75,3370.5,3369.75,3370.5,132,3370.12121212121,48,84,0.2329,2651273
20200817-013800.000,0,83,3370.25,3370.25,3369.5,3369.75,103,3369.82766990291,53,50,0.2328,2651273
20200817-013900.000,0,87,3369.5,3370,3369.5,3369.75,103,3369.71359223301,54,49,0.2328,2651273
20200817-014000.000,0,118,3369.75,3370.75,3369.75,3370.75,137,3370.43613138686,64,73,0.2327,2651273
20200817-014100.000,0,116,3370.75,3371.25,3370,3370.25,137,3370.71532846715,84,53,0.2327,2651273
20200817-014200.000,0,93,3370.25,3370.75,3370,3370.5,116,3370.34267241379,71,45,0.2328,2651273
20200817-014300.000,0,282,3370.5,3371.75,3370.25,3370.75,368,3371.05434782609,169,199,0.2331,2651273
20200817-014400.000,0,75,3370.75,3371,3370.5,3370.5,93,3370.72311827957,62,31,0.2331,2651273
20200817-014500.000,0,77,3370.75,3371.25,3370.75,3371,99,3370.87878787879,44,55,0.2327,2651273
20200817-014600.000,0,52,3371,3371,3370.75,3371,61,3370.93442622951,23,38,0.2326,2651273
20200817-014700.000,0,56,3371.25,3371.5,3371,3371.25,65,3371.23076923077,29,36,0.2326,2651273
20200817-014800.000,0,75,3371.25,3371.5,3371,3371,88,3371.1875,52,36,0.2325,2651273
20200817-014900.000,0,58,3371,3371.25,3370.75,3371,72,3370.99305555556,35,37,0.2326,2651273
20200817-015000.000,0,105,3371.25,3371.5,3371,3371.25,163,3371.32055214724,89,74,0.2326,2651273
20200817-015100.000,0,118,3371,3371.5,3371,3371.25,157,3371.07802547771,69,88,0.2324,2651273
20200817-015200.000,0,100,3371.25,3371.75,3371.25,3371.5,123,3371.32113821138,48,75,0.2324,2651273
20200817-015300.000,0,170,3371.75,3372,3371.25,3371.25,227,3371.62555066079,91,136,0.2323,2651273
20200817-015400.000,0,90,3371.25,3371.5,3371.25,3371.5,116,3371.39655172414,41,75,0.2325,2651273
20200817-015500.000,0,86,3371.5,3371.75,3371.5,3371.5,102,3371.69117647059,43,59,0.2324,2651273
20200817-015600.000,0,82,3371.75,3371.75,3371,3371.25,97,3371.38659793814,62,35,0.2324,2651273
20200817-015700.000,0,103,3371.25,3371.25,3370.75,3371.25,121,3370.98760330579,68,53,0.2326,2651273
20200817-015800.000,0,56,3371.25,3371.5,3371.25,3371.25,75,3371.30666666667,36,39,0.2326,2651273
20200817-015900.000,0,26,3371.25,3371.5,3371.25,3371.25,32,3371.3671875,18,14,0.2325,2651273
20200817-020000.000,0,289,3371.5,3372,3371.25,3371.75,378,3371.60714285714,169,209,0.2325,2651273
20200817-020100.000,0,496,3371.75,3373.5,3371.75,3373.25,708,3372.56391242938,235,473,0.2324,2651273
20200817-020200.000,0,196,3373.25,3373.25,3372.5,3373,240,3372.78958333333,116,124,0.2323,2651273
20200817-020300.000,0,110,3372.75,3373.25,3372.25,3372.75,146,3372.74657534247,88,58,0.2322,2651273
20200817-020400.000,0,302,3373,3373.25,3372.25,3373,418,3372.78528708134,176,242,0.2322,2651273
20200817-020500.000,0,83,3372.75,3373.25,3372.75,3373.25,106,3373.1108490566,59,47,0.2321,2651273
20200817-020600.000,0,96,3373,3373,3372.5,3372.75,115,3372.73043478261,70,45,0.2321,2651273
20200817-020700.000,0,142,3372.5,3373.5,3372.5,3373,184,3373.08288043478,67,117,0.2321,2651273
20200817-020800.000,0,427,3373,3374.5,3373,3373.75,581,3373.81884681583,251,330,0.2321,2651273
20200817-020900.000,0,257,3373.5,3374,3373.25,3373.75,349,3373.82020057307,152,197,0.2321,2651273
20200817-021000.000,0,497,3374,3375.5,3374,3374,711,3374.79746835443,299,412,0.2316,2651273
20200817-021100.000,0,148,3374.25,3374.25,3373.5,3373.75,200,3373.87625,118,82,0.2315,2651273
20200817-021200.000,0,159,3373.75,3374.5,3373.5,3374.5,213,3374.13262910798,90,123,0.2317,2651273
20200817-021300.000,0,91,3374.5,3374.75,3374.25,3374.25,126,3374.4503968254,56,70,0.2317,2651273
20200817-021400.000,0,81,3374.25,3374.5,3374,3374,113,3374.1592920354,73,40,0.2316,2651273
20200817-021500.000,0,107,3373.75,3374.25,3373.75,3373.75,131,3373.91030534351,81,50,0.2317,2651273
20200817-021600.000,0,111,3373.75,3374,3373.5,3373.5,139,3373.63489208633,66,73,0.2318,2651273
20200817-021700.000,0,57,3373.5,3374,3373.5,3373.75,82,3373.63414634146,48,34,0.2317,2651273
20200817-021800.000,0,112,3373.75,3374.5,3373.75,3374.5,127,3374.1437007874,20,107,0.2316,2651273
20200817-021900.000,0,307,3374.5,3375.25,3374.25,3375.25,437,3374.82494279176,166,271,0.2316,2651273
20200817-022000.000,0,290,3375,3375,3374.5,3374.75,390,3374.82051282051,178,212,0.2314,2651273
20200817-022100.000,0,263,3374.75,3375.25,3374.5,3375,366,3374.81693989071,198,168,0.2314,2651273
20200817-022200.000,0,180,3375,3375.5,3374.75,3374.75,246,3375.01727642276,130,116,0.2313,2651273
20200817-022300.000,0,88,3374.5,3375,3374.5,3374.75,112,3374.74107142857,55,57,0.2314,2651273
20200817-022400.000,0,63,3374.75,3375,3374.75,3374.75,72,3374.75347222222,46,26,0.2315,2651273
20200817-022500.000,0,144,3374.75,3374.75,3374.25,3374.25,192,3374.5390625,130,62,0.2315,2651273
20200817-022600.000,0,73,3374.25,3374.25,3374,3374,82,3374.20731707317,37,45,0.2315,2651273
20200817-022700.000,0,124,3374.25,3374.25,3374,3374,180,3374.08611111111,105,75,0.2317,2651273
20200817-022800.000,0,53,3373.75,3374.25,3373.75,3373.75,57,3374,36,21,0.2317,2651273
20200817-022900.000,0,72,3373.75,3374.25,3373.75,3374,86,3373.95348837209,45,41,0.2317,2651273
20200817-023000.000,0,78,3374.25,3374.25,3373.75,3374,94,3374.15159574468,38,56,0.2316,2651273
20200817-023100.000,0,43,3373.75,3374.25,3373.75,3374,48,3373.97395833333,24,24,0.2316,2651273
20200817-023200.000,0,115,3374.25,3375,3374,3375,143,3374.55944055944,58,85,0.2314,2651273
20200817-023300.000,0,52,3374.5,3375,3374.5,3374.75,68,3374.80882352941,34,34,0.2314,2651273
20200817-023400.000,0,266,3374.75,3375.25,3374.5,3374.75,341,3374.93768328446,144,197,0.2313,2651273
20200817-023500.000,0,36,3375,3375,3374,3374.25,42,3374.44642857143,35,7,0.2313,2651273
20200817-023600.000,0,107,3374,3374.25,3373.5,3374,131,3373.92748091603,88,43,0.2314,2651273
20200817-023700.000,0,18,3374,3374.25,3374,3374,24,3374.19791666667,6,18,0.2314,2651273
20200817-023800.000,0,78,3374,3374.75,3374,3374.5,90,3374.5,36,54,0.2313,2651273
20200817-023900.000,0,82,3374.5,3375,3374.25,3374.75,97,3374.6675257732,61,36,0.2313,2651273
20200817-024000.000,0,45,3374.5,3374.75,3374.5,3374.5,49,3374.57142857143,30,19,0.2314,2651273
20200817-024100.000,0,28,3374.25,3374.75,3374.25,3374.5,29,3374.46551724138,10,19,0.2314,2651273
20200817-024200.000,0,54,3374.25,3374.5,3374,3374,65,3374.23846153846,40,25,0.2314,2651273
20200817-024300.000,0,51,3374,3374.25,3374,3374,57,3374.16228070175,29,28,0.2315,2651273
20200817-024400.000,0,48,3374,3374.25,3374,3374.25,68,3374.16911764706,20,48,0.2315,2651273
20200817-024500.000,0,65,3374.25,3374.5,3374,3374,73,3374.18150684932,43,30,0.2315,2651273
20200817-024600.000,0,113,3373.75,3373.75,3373.5,3373.5,147,3373.65136054422,97,50,0.2314,2651273
20200817-024700.000,0,61,3373.5,3373.75,3373.25,3373.5,68,3373.49632352941,36,32,0.2314,2651273
20200817-024800.000,0,60,3373.5,3373.75,3373.5,3373.5,74,3373.71959459459,27,47,0.2314,2651273
20200817-024900.000,0,51,3373.5,3374,3373.5,3373.5,70,3373.67857142857,38,32,0.2314,2651273
20200817-025000.000,0,87,3373.5,3373.5,3373.25,3373.5,112,3373.484375,72,40,0.2314,2651273
20200817-025100.000,0,41,3373.25,3373.5,3373.25,3373.5,54,3373.37037037037,29,25,0.2315,2651273
20200817-025200.000,0,97,3373.5,3374.25,3373.5,3373.75,125,3373.83,53,72,0.2313,2651273
20200817-025300.000,0,9,3373.75,3374,3373.75,3373.75,10,3373.775,9,1,0.2313,2651273
20200817-025400.000,0,74,3373.75,3374.25,3373.75,3373.75,89,3374.07303370787,41,48,0.2312,2651273
20200817-025500.000,0,78,3373.75,3374.25,3373.75,3374,100,3373.9,52,48,0.2312,2651273
20200817-025600.000,0,40,3373.75,3374,3373.75,3374,81,3373.99691358025,51,30,0.2311,2651273
20200817-025700.000,0,40,3374,3374.25,3374,3374,50,3374.175,21,29,0.2311,2651273
20200817-025800.000,0,36,3374.25,3374.25,3373.75,3373.75,51,3374.00980392157,31,20,0.2311,2651273
20200817-025900.000,0,64,3373.75,3374.25,3373.75,3374,112,3373.99776785714,75,37,0.2311,2651273
20200817-030000.000,0,68,3374,3374.25,3373.75,3374,87,3374.0632183908,33,54,0.2311,2651273
20200817-030100.000,0,76,3373.75,3374,3373.75,3374,87,3373.93965517241,37,50,0.2311,2651273
20200817-030200.000,0,54,3373.75,3374.25,3373.75,3374.25,68,3374.04044117647,23,45,0.2311,2651273
20200817-030300.000,0,140,3374,3375,3374,3375,173,3374.56213872832,40,133,0.2312,2651273
20200817-030400.000,0,67,3374.75,3375,3374.5,3374.75,118,3374.90254237288,46,72,0.2311,2651273
20200817-030500.000,0,107,3374.5,3374.75,3374.25,3374.75,127,3374.66732283465,40,87,0.2311,2651273
20200817-030600.000,0,115,3374.5,3374.5,3373.75,3374,133,3374.10338345865,99,34,0.231,2651273
20200817-030700.000,0,71,3374,3374,3373.5,3373.75,94,3373.75,73,21,0.2312,2651273
20200817-030800.000,0,48,3373.5,3374,3373.5,3373.75,49,3373.72959183673,24,25,0.2312,2651273
20200817-030900.000,0,15,3373.75,3373.75,3373.5,3373.5,17,3373.64705882353,14,3,0.2313,2651273
20200817-031000.000,0,32,3373.5,3374,3373.5,3373.75,38,3373.71710526316,15,23,0.2313,2651273
20200817-031100.000,0,27,3373.75,3373.75,3373.5,3373.5,30,3373.675,23,7,0.2313,2651273
20200817-031200.000,0,26,3373.5,3373.75,3373.25,3373.5,26,3373.55769230769,16,10,0.2313,2651273
20200817-031300.000,0,33,3373.5,3374,3373.5,3373.75,36,3373.69444444444,17,19,0.2313,2651273
20200817-031400.000,0,47,3373.75,3374,3373.5,3373.5,55,3373.74545454545,23,32,0.2313,2651273
20200817-031500.000,0,44,3373.5,3373.75,3373.25,3373.25,53,3373.52358490566,41,12,0.2313,2651273
20200817-031600.000,0,70,3373.25,3373.5,3373.25,3373.25,83,3373.28313253012,61,22,0.2314,2651273
20200817-031700.000,0,186,3373.25,3373.5,3373,3373,237,3373.13080168776,134,103,0.2314,2651273
20200817-031800.000,0,47,3373,3373.5,3373,3373.5,52,3373.22115384615,20,32,0.2316,2651273
20200817-031900.000,0,21,3373.25,3373.5,3373.25,3373.25,23,3373.28260869565,20,3,0.2315,2651273
20200817-032000.000,0,37,3373.25,3373.5,3373.25,3373.5,50,3373.455,13,37,0.2315,2651273
20200817-032100.000,0,58,3373.5,3373.5,3373.5,3373.5,70,3373.5,27,43,0.2315,2651273
20200817-032200.000,0,61,3373.5,3373.5,3373.25,3373.5,79,3373.4746835443,25,54,0.2315,2651273
20200817-032300.000,0,64,3373.5,3374,3373.5,3374,82,3373.76524390244,35,47,0.2315,2651273
20200817-032400.000,0,28,3373.75,3373.75,3373.25,3373.5,45,3373.55,41,4,0.2315,2651273
20200817-032500.000,0,75,3373.25,3373.75,3373.25,3373.25,91,3373.48076923077,38,53,0.2315,2651273
20200817-032600.000,0,26,3373.25,3373.5,3373.25,3373.5,29,3373.43103448276,8,21,0.2315,2651273
20200817-032700.000,0,20,3373.25,3373.5,3373.25,3373.25,24,3373.26041666667,22,2,0.2315,2651273
20200817-032800.000,0,14,3373.25,3373.25,3373.25,3373.25,14,3373.25,11,3,0.2313,2651273
20200817-032900.000,0,45,3373.25,3373.75,3373,3373.5,63,3373.25396825397,21,42,0.1779,2651273
20200817-033000.000,0,72,3373.75,3373.75,3372.75,3372.75,96,3373.07291666667,81,15,0.178,2651273
20200817-033100.000,0,54,3372.75,3373.25,3372.75,3372.75,67,3372.92164179105,32,35,0.1781,2651273
20200817-033200.000,0,66,3372.75,3372.75,3372.5,3372.5,83,3372.63554216868,59,24,0.2472,2651273
20200817-033300.000,0,45,3372.75,3372.75,3372.5,3372.75,59,3372.57203389831,42,17,0.2472,2651273
20200817-033400.000,0,89,3372.5,3373.25,3372.5,3373,101,3372.93811881188,30,71,0.1784,2651273
20200817-033500.000,0,23,3372.75,3373,3372.75,3373,28,3372.77678571429,18,10,0.1783,2651273
20200817-033600.000,0,56,3372.75,3373,3372.75,3373,69,3372.98188405797,29,40,0.1783,2651273
20200817-033700.000,0,54,3372.75,3372.75,3372.25,3372.5,63,3372.55555555556,49,14,0.1781,2651273
20200817-033800.000,0,19,3372.5,3372.5,3372.25,3372.25,21,3372.45238095238,14,7,0.1783,2651273
20200817-033900.000,0,90,3372.25,3372.25,3372,3372.25,113,3372.2278761062,67,46,0.1783,2651273
20200817-034000.000,0,27,3372.25,3372.5,3372.25,3372.5,34,3372.33088235294,13,21,0.1785,2651273
20200817-034100.000,0,16,3372.25,3372.5,3372.25,3372.25,16,3372.265625,15,1,0.1785,2651273
20200817-034200.000,0,32,3372.25,3372.5,3372.25,3372.5,35,3372.43571428571,11,24,0.1785,2651273
20200817-034300.000,0,21,3372.5,3372.75,3372.25,3372.25,26,3372.53846153846,20,6,0.1783,2651273
20200817-034400.000,0,65,3372.25,3372.5,3372.25,3372.5,78,3372.47756410256,16,62,0.1783,2651273
20200817-034500.000,0,50,3372.5,3372.5,3372,3372,61,3372.37295081967,40,21,0.1783,2651273
20200817-034600.000,0,85,3372,3372.25,3372,3372,116,3372.03232758621,83,33,0.2317,2651273
20200817-034700.000,0,150,3372,3372,3371.5,3371.75,187,3371.76470588235,124,63,0.2317,2651273
20200817-034800.000,0,114,3371.75,3371.75,3371.25,3371.75,145,3371.63448275862,69,76,0.2318,2651273
20200817-034900.000,0,32,3371.75,3371.75,3371.25,3371.5,44,3371.52840909091,29,15,0.2318,2651273
20200817-035000.000,0,82,3371.25,3371.75,3371.25,3371.25,102,3371.33578431373,74,28,0.2319,2651273
20200817-035100.000,0,62,3371,3371.5,3371,3371,83,3371.13554216868,56,27,0.2319,2651273
20200817-035200.000,0,100,3371,3371.25,3370.75,3371,130,3370.98461538462,82,48,0.232,2651273
20200817-035300.000,0,62,3371,3371.5,3370.75,3371.25,79,3371.06012658228,36,43,0.232,2651273
20200817-035400.000,0,32,3371.5,3371.5,3371.5,3371.5,38,3371.5,17,21,0.232,2651273
20200817-035500.000,0,69,3371.5,3372,3371.5,3372,85,3371.77352941176,30,55,0.232,2651273
20200817-035600.000,0,146,3371.75,3372.5,3371.75,3372.25,187,3372.2192513369,66,121,0.232,2651273
20200817-035700.000,0,47,3372.25,3372.25,3372,3372,53,3372.10377358491,37,16,0.2317,2651273
20200817-035800.000,0,75,3372,3372,3371.5,3371.5,83,3371.65662650602,72,11,0.2318,2651273
20200817-035900.000,0,68,3371.5,3372,3371.5,3371.5,85,3371.75588235294,46,39,0.2319,2651273
20200817-040000.000,0,45,3371.75,3371.75,3371.5,3371.75,51,3371.71078431373,23,28,0.2318,2651273
20200817-040100.000,0,24,3371.5,3371.75,3371.5,3371.75,30,3371.725,7,23,0.2318,2651273
20200817-040200.000,0,22,3371.75,3371.75,3371.5,3371.5,26,3371.73076923077,20,6,0.2318,2651273
20200817-040300.000,0,69,3371.5,3371.5,3371.25,3371.25,82,3371.38719512195,64,18,0.2319,2651273
20200817-040400.000,0,30,3371,3371.5,3371,3371.25,35,3371.25,9,26,0.2319,2651273
20200817-040500.000,0,17,3371.5,3371.5,3371,3371,17,3371.22058823529,13,4,0.232,2651273
20200817-040600.000,0,18,3371,3371.25,3371,3371,20,3371.0625,15,5,0.232,2651273
20200817-040700.000,0,38,3371,3371.25,3371,3371,56,3371.23660714286,21,35,0.232,2651273
20200817-040800.000,0,12,3371,3371.25,3371,3371.25,19,3371.19736842105,5,14,0.232,2651273
20200817-040900.000,0,46,3371.25,3371.25,3370.75,3370.75,57,3371.07894736842,53,4,0.232,2651273
20200817-041000.000,0,39,3370.75,3371,3370.75,3370.75,51,3370.75490196078,42,9,0.232,2651273
20200817-041100.000,0,10,3370.75,3371,3370.75,3371,15,3370.88333333333,7,8,0.2322,2651273
20200817-041200.000,0,30,3370.75,3371,3370.75,3370.75,31,3370.76612903226,28,3,0.2322,2651273
20200817-041300.000,0,65,3370.5,3371,3370.5,3370.75,77,3370.72402597403,23,54,0.2322,2651273
20200817-041400.000,0,76,3370.5,3370.75,3370.5,3370.5,95,3370.57631578947,76,19,0.2322,2651273
20200817-041500.000,0,65,3370.5,3370.75,3370.5,3370.75,108,3370.56712962963,42,66,0.2322,2651273
20200817-041600.000,0,131,3370.75,3370.75,3370,3370.25,152,3370.42105263158,102,50,0.2323,2651273
20200817-041700.000,0,49,3370.25,3370.5,3370,3370.25,59,3370.26271186441,30,29,0.2325,2651273
20200817-041800.000,0,59,3370.25,3371.25,3370.25,3371,69,3370.88405797101,22,47,0.2323,2651273
20200817-041900.000,0,21,3370.75,3371,3370.75,3370.75,24,3370.77083333333,15,9,0.2323,2651273
20200817-042000.000,0,65,3370.75,3371.5,3370.75,3371.5,72,3371.29861111111,18,54,0.2323,2651273
20200817-042100.000,0,120,3371.25,3371.25,3370.75,3371.25,166,3371.02710843374,119,47,0.2323,2651273
20200817-042200.000,0,33,3371,3371.25,3371,3371,38,3371.00657894737,28,10,0.2322,2651273
20200817-042300.000,0,17,3371,3371,3371,3371,22,3371,12,10,0.2322,2651273
20200817-042400.000,0,8,3371,3371.25,3371,3371,8,3371.125,4,4,0.2322,2651273
20200817-042500.000,0,7,3371,3371.25,3371,3371.25,7,3371.07142857143,5,2,0.2322,2651273
20200817-042600.000,0,25,3371,3371.25,3371,3371,38,3371.22368421053,16,22,0.2322,2651273
20200817-042700.000,0,11,3371,3371.25,3371,3371.25,11,3371.11363636364,6,5,0.2323,2651273
20200817-042800.000,0,29,3371,3371.25,3371,3371.25,33,3371.20454545455,10,23,0.2322,2651273
20200817-042900.000,0,35,3371.25,3371.25,3371,3371,42,3371.0119047619,17,25,0.2322,2651273
20200817-043000.000,0,33,3371.25,3371.5,3371,3371,40,3371.2375,23,17,0.2323,2651273
20200817-043100.000,0,26,3371,3371.25,3371,3371.25,31,3371.24193548387,16,15,0.2323,2651273
20200817-043200.000,0,6,3371.25,3371.25,3371.25,3371.25,6,3371.25,6,,0.2323,2651273
20200817-043300.000,0,137,3371.25,3371.75,3371.25,3371.5,197,3371.59263959391,66,131,0.2323,2651273
20200817-043400.000,0,79,3371.75,3372.5,3371.75,3372.25,130,3372.08653846154,34,96,0.2323,2651273
20200817-043500.000,0,53,3372.25,3372.5,3372.25,3372.5,60,3372.29583333333,36,24,0.2321,2651273
20200817-043600.000,0,26,3372.25,3372.5,3372,3372,30,3372.15833333333,20,10,0.232,2651273
20200817-043700.000,0,18,3372,3372,3371.75,3371.75,20,3371.9625,19,1,0.2321,2651273
20200817-043800.000,0,6,3371.75,3371.75,3371.75,3371.75,6,3371.75,6,,0.2322,2651273
20200817-043900.000,0,39,3371.75,3372,3371.75,3372,44,3371.96590909091,9,35,0.2322,2651273
20200817-044000.000,0,39,3371.75,3372,3371.75,3371.75,44,3371.98863636364,10,34,0.2321,2651273
20200817-044100.000,0,38,3371.75,3372,3371.5,3372,40,3371.75,26,14,0.2321,2651273
20200817-044200.000,0,10,3371.75,3372,3371.75,3371.75,10,3371.85,6,4,0.232,2651273
20200817-044300.000,0,45,3371.75,3371.75,3371.5,3371.75,89,3371.73876404494,48,41,0.232,2651273
20200817-044400.000,0,30,3371.5,3371.75,3371.5,3371.5,32,3371.5390625,14,18,0.232,2651273
20200817-044500.000,0,35,3371.5,3371.5,3371.25,3371.25,46,3371.29891304348,40,6,0.2321,2651273
20200817-044600.000,0,42,3371,3371.25,3370.75,3371.25,89,3370.99719101124,60,29,0.2322,2651273
20200817-044700.000,0,39,3371,3371.25,3371,3371.25,46,3371.21739130435,18,28,0.2322,2651273
20200817-044800.000,0,31,3371.25,3371.5,3371.25,3371.5,36,3371.47916666667,8,28,0.2321,2651273
20200817-044900.000,0,35,3371.25,3371.5,3371,3371.25,40,3371.34375,24,16,0.2321,2651273
20200817-045000.000,0,107,3371,3371.25,3370.75,3370.75,137,3370.85583941606,73,64,0.2321,2651273
20200817-045100.000,0,8,3371,3371,3370.75,3371,8,3370.84375,5,3,0.2323,2651273
20200817-045200.000,0,23,3370.75,3371.25,3370.75,3371,31,3371.02419354839,4,27,0.2322,2651273
20200817-045300.000,0,107,3371,3371.5,3371,3371.5,138,3371.37862318841,63,75,0.2322,2651273
20200817-045400.000,0,26,3371.5,3371.5,3371.25,3371.25,35,3371.28571428571,30,5,0.2322,2651273
20200817-045500.000,0,39,3371.25,3371.5,3371.25,3371.25,46,3371.45652173913,20,26,0.2322,2651273
20200817-045600.000,0,22,3371,3371.5,3371,3371.5,26,3371.25,4,22,0.2322,2651273
20200817-045700.000,0,52,3371.25,3371.25,3370.75,3370.75,71,3371.03521126761,54,17,0.2322,2651273
20200817-045800.000,0,23,3370.75,3371,3370.75,3371,29,3370.78448275862,19,10,0.2323,2651273
20200817-045900.000,0,46,3370.75,3371,3370.5,3370.75,62,3370.76209677419,36,26,0.2323,2651273
20200817-050000.000,0,80,3370.5,3371.25,3370.5,3370.5,112,3370.79464285714,66,46,0.2323,2651273
20200817-050100.000,0,112,3370.5,3371.5,3370.25,3371.5,149,3371.01342281879,24,125,0.2322,2651273
20200817-050200.000,0,36,3371.5,3371.75,3371.5,3371.5,45,3371.51666666667,30,15,0.2322,2651273
20200817-050300.000,0,47,3371.5,3371.5,3371.25,3371.5,55,3371.49545454545,43,12,0.2321,2651273
20200817-050400.000,0,67,3371.25,3371.5,3371.25,3371.5,112,3371.484375,33,79,0.232,2651273
20200817-050500.000,0,65,3371.5,3371.5,3371,3371,80,3371.2875,32,48,0.232,2651273
20200817-050600.000,0,94,3371.25,3371.5,3371,3371,123,3371.2256097561,48,75,0.232,2651273
20200817-050700.000,0,70,3371.25,3371.75,3371,3371.5,80,3371.546875,26,54,0.2322,2651273
20200817-050800.000,0,48,3371.5,3371.5,3371,3371.25,60,3371.4,33,27,0.2321,2651273
20200817-050900.000,0,28,3371.25,3371.25,3371,3371.25,32,3371.140625,19,13,0.2321,2651273
20200817-051000.000,0,38,3371,3371.25,3370.75,3370.75,44,3371.0625,27,17,0.2322,2651273
20200817-051100.000,0,57,3370.75,3371,3370.75,3371,70,3370.94642857143,36,34,0.2322,2651273
20200817-051200.000,0,48,3371,3371,3370.75,3371,66,3370.98484848485,39,27,0.2322,2651273
20200817-051300.000,0,30,3371,3371.25,3371,3371.25,32,3371.03125,10,22,0.2322,2651273
20200817-051400.000,0,58,3371,3371.5,3371,3371.25,67,3371.22388059702,23,44,0.2322,2651273
20200817-051500.000,0,61,3371.25,3371.75,3371.25,3371.25,77,3371.48051948052,27,50,0.2321,2651273
20200817-051600.000,0,44,3371,3371.25,3370.75,3371,51,3371.05882352941,31,20,0.2322,2651273
20200817-051700.000,0,93,3370.75,3371.5,3370.75,3371.25,116,3371.08836206897,57,59,0.2322,2651273
20200817-051800.000,0,17,3371,3371.25,3371,3371.25,20,3371.2125,6,14,0.2322,2651273
20200817-051900.000,0,55,3371.25,3371.75,3371.25,3371.5,69,3371.51811594203,16,53,0.2321,2651273
20200817-052000.000,0,30,3371.5,3371.5,3370.75,3370.75,42,3371.17261904762,29,13,0.2321,2651273
20200817-052100.000,0,12,3370.75,3371,3370.75,3371,12,3370.8125,9,3,0.2322,2651273
20200817-052200.000,0,52,3371,3371,3371,3371,96,3371,32,64,0.2322,2651273
20200817-052300.000,0,38,3371,3371.25,3371,3371.25,49,3371.13775510204,13,36,0.2322,2651273
20200817-052400.000,0,93,3371,3371,3370.5,3370.5,126,3370.64285714286,71,55,0.2322,2651273
20200817-052500.000,0,86,3370.5,3370.75,3370.25,3370.25,104,3370.54086538462,50,54,0.2322,2651273
20200817-052600.000,0,119,3370.25,3370.25,3369.75,3369.75,147,3369.92857142857,109,38,0.2324,2651273
20200817-052700.000,0,105,3369.75,3370.25,3369.75,3370,129,3369.90503875969,63,66,0.2326,2651273
20200817-052800.000,0,18,3370.25,3370.25,3370.25,3370.25,18,3370.25,11,7,0.2326,2651273
20200817-052900.000,0,47,3370.25,3370.5,3370,3370,48,3370.421875,29,19,0.2325,2651273
20200817-053000.000,0,86,3370.25,3370.5,3369.5,3369.5,114,3369.88377192982,78,36,0.2324,2651273
20200817-053100.000,0,70,3369.75,3370,3369.5,3369.5,112,3369.55357142857,59,53,0.2324,2651273
20200817-053200.000,0,129,3369.5,3369.75,3369,3369.5,152,3369.19407894737,112,40,0.2326,2651273
20200817-053300.000,0,49,3369.5,3370.25,3369.5,3370.25,61,3370.05737704918,24,37,0.2327,2651273
20200817-053400.000,0,24,3370,3370.25,3370,3370.25,29,3370.19827586207,16,13,0.2327,2651273
20200817-053500.000,0,68,3370.25,3370.75,3370.25,3370.5,81,3370.53086419753,20,61,0.2325,2651273
20200817-053600.000,0,31,3370.5,3370.5,3369.75,3369.75,34,3370.13970588235,33,1,0.2325,2651273
20200817-053700.000,0,44,3369.5,3369.75,3369.5,3369.75,49,3369.61224489796,18,31,0.2325,2651273
20200817-053800.000,0,48,3369.75,3370,3369.5,3369.5,58,3369.81896551724,32,26,0.2326,2651273
20200817-053900.000,0,43,3369.5,3370.25,3369.5,3370.25,48,3370.140625,13,35,0.2326,2651273
20200817-054000.000,0,56,3370,3370,3369.5,3370,62,3369.87903225806,26,36,0.2326,2651273
20200817-054100.000,0,43,3370,3370,3369.75,3370,53,3369.9858490566,21,32,0.2327,2651273
20200817-054200.000,0,52,3370,3370.5,3370,3370.25,62,3370.22580645161,29,33,0.2326,2651273
20200817-054300.000,0,38,3370.25,3370.5,3370.25,3370.25,45,3370.25555555556,13,32,0.2326,2651273
20200817-054400.000,0,32,3370.25,3370.25,3370,3370,34,3370.13235294118,24,10,0.2325,2651273
20200817-054500.000,0,31,3370,3370.25,3370,3370.25,33,3370.20454545455,8,25,0.179,2651273
20200817-054600.000,0,69,3370.25,3370.25,3369.5,3369.5,117,3369.6858974359,95,22,0.1792,2651273
20200817-054700.000,0,50,3369.5,3369.75,3369.25,3369.5,63,3369.46428571429,38,25,0.1793,2651273
20200817-054800.000,0,27,3369.5,3369.75,3369.5,3369.5,29,3369.70689655172,17,12,0.1794,2651273
20200817-054900.000,0,36,3369.5,3369.75,3369.25,3369.25,39,3369.50641025641,18,21,0.1792,2651273
20200817-055000.000,0,48,3369.5,3369.5,3369,3369.25,58,3369.31034482759,26,32,0.1792,2651273
20200817-055100.000,0,15,3369.25,3369.5,3369.25,3369.5,15,3369.33333333333,10,5,0.2355,2651273
20200817-055200.000,0,60,3369.25,3369.75,3369.25,3369.25,72,3369.45138888889,41,31,0.2355,2651273
20200817-055300.000,0,84,3369.25,3370,3369.25,3369.75,115,3369.40869565217,49,66,0.2355,2651273
20200817-055400.000,0,109,3369.75,3370,3369.5,3370,133,3369.81390977444,52,81,0.2354,2651273
20200817-055500.000,0,136,3369.75,3370.25,3369.5,3370,172,3369.89825581395,64,108,0.2354,2651273
20200817-055600.000,0,61,3370,3370.25,3370,3370,73,3370.04794520548,30,43,0.2354,2651273
20200817-055700.000,0,25,3370,3370,3369.5,3369.5,32,3369.78125,21,11,0.2353,2651273
20200817-055800.000,0,42,3369.5,3369.75,3369.5,3369.5,48,3369.72916666667,18,30,0.2354,2651273
20200817-055900.000,0,67,3369.5,3370,3369.5,3369.75,80,3369.78125,38,42,0.2354,2651273
20200817-060000.000,0,303,3369.75,3371.5,3369.25,3371.5,398,3370.44912060302,153,245,0.2326,2651273
20200817-060100.000,0,237,3371.25,3372.25,3371.25,3371.75,293,3371.86774744027,135,158,0.2326,2651273
20200817-060200.000,0,176,3371.75,3372.5,3371.25,3371.5,212,3371.87146226415,120,92,0.2321,2651273
20200817-060300.000,0,128,3371.5,3372.25,3371.5,3372,143,3371.8548951049,56,87,0.2319,2651273
20200817-060400.000,0,73,3371.75,3372.25,3371.75,3372,79,3371.92088607595,39,40,0.2319,2651273
20200817-060500.000,0,114,3371.75,3372.25,3371,3371.25,122,3371.8381147541,84,38,0.2319,2651273
20200817-060600.000,0,123,3371,3371,3370.5,3370.75,139,3370.87050359712,76,63,0.2319,2651273
20200817-060700.000,0,275,3370.5,3370.75,3369.5,3369.75,383,3370.20496083551,240,143,0.2321,2651273
20200817-060800.000,0,166,3369.75,3369.75,3369.25,3369.75,194,3369.65850515464,94,100,0.2325,2651273
20200817-060900.000,0,198,3369.75,3370,3369,3370,286,3369.38111888112,172,114,0.2326,2651273
20200817-061000.000,0,96,3370,3370.25,3369.75,3369.75,103,3369.89563106796,41,62,0.2326,2651273
20200817-061100.000,0,161,3369.5,3369.75,3369.25,3369.75,195,3369.33076923077,108,87,0.2327,2651273
20200817-061200.000,0,223,3369.75,3369.75,3368.75,3369,265,3369.15094339623,164,101,0.2326,2651273
20200817-061300.000,0,111,3369,3369.25,3368.75,3369,140,3369.0875,92,48,0.2328,2651273
20200817-061400.000,0,213,3369,3369.25,3368.25,3368.5,247,3368.66295546559,153,94,0.2329,2651273
20200817-061500.000,0,107,3368.75,3369,3368.5,3369,119,3368.73529411765,47,72,0.233,2651273
20200817-061600.000,0,94,3368.75,3368.75,3368,3368.25,111,3368.36261261261,94,17,0.2329,2651273
20200817-061700.000,0,105,3368.25,3368.75,3368.25,3368.75,126,3368.7003968254,58,68,0.2329,2651273
20200817-061800.000,0,58,3368.5,3369.25,3368.5,3369.25,65,3368.84230769231,24,41,0.2329,2651273
20200817-061900.000,0,154,3369,3369.75,3369,3369.5,198,3369.30050505051,106,92,0.2329,2651273
20200817-062000.000,0,101,3369.75,3369.75,3368.75,3369,126,3369,63,63,0.2328,2651273
20200817-062100.000,0,20,3369,3369,3368.75,3368.75,21,3368.92857142857,12,9,0.2327,2651273
20200817-062200.000,0,87,3368.75,3368.75,3368,3368.25,114,3368.34649122807,72,42,0.233,2651273
20200817-062300.000,0,64,3368.25,3368.5,3368.25,3368.5,72,3368.47569444444,27,45,0.233,2651273
20200817-062400.000,0,90,3368.5,3369,3368.5,3369,106,3368.66037735849,50,56,0.233,2651273
20200817-062500.000,0,266,3369,3370.5,3369,3369.5,327,3369.68577981651,135,192,0.2327,2651273
20200817-062600.000,0,93,3369.25,3370,3369,3369.75,113,3369.53982300885,47,66,0.2328,2651273
20200817-062700.000,0,77,3369.75,3370,3369.5,3370,82,3369.71341463415,30,52,0.2327,2651273
20200817-062800.000,0,68,3369.75,3370.25,3369.75,3370,84,3369.88988095238,31,53,0.2327,2651273
20200817-062900.000,0,40,3370.25,3370.25,3369.5,3369.5,42,3369.71428571429,27,15,0.2327,2651273
20200817-063000.000,0,91,3369.5,3370,3369.5,3369.75,99,3369.80303030303,33,66,0.2327,2651273
20200817-063100.000,0,115,3369.75,3369.75,3369.5,3369.75,169,3369.62130177515,85,84,0.2327,2651273
20200817-063200.000,0,78,3369.5,3369.75,3369,3369.75,82,3369.46951219512,39,43,0.2327,2651273
20200817-063300.000,0,53,3369.75,3370.25,3369.5,3370.25,56,3369.99107142857,21,35,0.2327,2651273
20200817-063400.000,0,38,3370,3370.25,3370,3370.25,43,3370.13372093023,20,23,0.2326,2651273
20200817-063500.000,0,156,3370,3371.25,3369.75,3371,197,3370.64467005076,85,112,0.2325,2651273
20200817-063600.000,0,137,3371.25,3371.75,3370.75,3371.75,173,3371.39884393064,65,108,0.2322,2651273
20200817-063700.000,0,98,3371.75,3372,3371.5,3371.75,127,3371.68110236221,72,55,0.232,2651273
20200817-063800.000,0,87,3371.75,3371.75,3371.25,3371.25,109,3371.64220183486,73,36,0.232,2651273
20200817-063900.000,0,77,3371.5,3371.75,3371.25,3371.5,88,3371.62784090909,37,51,0.2319,2651273
20200817-064000.000,0,77,3371.5,3371.75,3371.5,3371.5,85,3371.56470588235,44,41,0.2321,2651273
20200817-064100.000,0,101,3371.5,3371.5,3370.75,3371,111,3371.0472972973,60,51,0.2321,2651273
20200817-064200.000,0,76,3371,3371.25,3370.75,3371.25,84,3371.10714285714,28,56,0.2322,2651273
20200817-064300.000,0,111,3371,3371,3370.25,3370.5,155,3370.55322580645,123,32,0.2323,2651273
20200817-064400.000,0,30,3370.5,3371.25,3370.5,3371,32,3370.953125,14,18,0.2322,2651273
20200817-064500.000,0,142,3371.25,3371.75,3371.25,3371.25,165,3371.51060606061,87,78,0.2321,2651273
20200817-064600.000,0,58,3371.25,3371.25,3370.75,3371.25,67,3371.07835820896,44,23,0.2321,2651273
20200817-064700.000,0,29,3371.25,3371.5,3371.25,3371.25,34,3371.38235294118,16,18,0.2321,2651273
20200817-064800.000,0,64,3371.25,3372,3371.25,3371.75,75,3371.47333333333,31,44,0.2321,2651273
20200817-064900.000,0,83,3371.5,3371.75,3371.5,3371.75,121,3371.67355371901,71,50,0.232,2651273
20200817-065000.000,0,136,3371.5,3371.5,3370.5,3370.75,259,3371.06081081081,133,126,0.232,2651273
20200817-065100.000,0,144,3370.75,3371,3370.5,3370.75,216,3370.66435185185,111,105,0.2322,2651273
20200817-065200.000,0,43,3370.75,3371,3370.5,3370.75,50,3370.755,34,16,0.2323,2651273
20200817-065300.000,0,16,3370.75,3371.25,3370.75,3371,28,3371.00892857143,4,24,0.2323,2651273
20200817-065400.000,0,137,3371.25,3371.75,3371.25,3371.75,198,3371.5303030303,67,131,0.2322,2651273
20200817-065500.000,0,145,3371.75,3372,3371.5,3372,181,3371.7638121547,77,104,0.2321,2651273
20200817-065600.000,0,80,3371.75,3371.75,3371.5,3371.75,94,3371.61436170213,43,51,0.2319,2651273
20200817-065700.000,0,67,3372,3372,3371,3371.25,107,3371.51401869159,71,36,0.2319,2651273
20200817-065800.000,0,85,3371.25,3372,3371.25,3371.5,128,3371.462890625,33,95,0.2319,2651273
20200817-065900.000,0,102,3371.5,3371.5,3371,3371.25,124,3371.25403225806,67,57,0.232,2651273
20200817-070000.000,0,1412,3371.25,3374.25,3370.75,3373.5,1849,3372.81652244457,795,1054,0.2313,2651273
20200817-070100.000,0,602,3373.5,3374.5,3373.25,3373.75,880,3373.71761363636,438,442,0.2312,2651273
20200817-070200.000,0,610,3373.75,3374,3373.25,3373.75,815,3373.66963190184,412,403,0.2313,2651273
20200817-070300.000,0,512,3373.75,3375.25,3373.75,3374.75,692,3374.74169075145,260,432,0.231,2651273
20200817-070400.000,0,403,3374.75,3374.75,3373.75,3374,524,3374.26479007634,266,258,0.2311,2651273
20200817-070500.000,0,512,3374,3374.5,3373.25,3374.5,638,3373.92319749216,282,356,0.2313,2651273
20200817-070600.000,0,558,3374.75,3375,3373,3373.75,724,3373.80145027624,377,347,0.2316,2651273
20200817-070700.000,0,368,3374,3374,3372.75,3373.25,507,3373.31065088757,233,274,0.2315,2651273
20200817-070800.000,0,287,3373.25,3373.5,3372.75,3373,379,3373.05145118734,205,174,0.2317,2651273
20200817-070900.000,0,442,3373,3373,3372,3372.5,704,3372.48650568182,434,270,0.2318,2651273
20200817-071000.000,0,368,3372.25,3373,3371.75,3372.25,537,3372.43202979516,264,273,0.2318,2651273
20200817-071100.000,0,483,3372.25,3372.5,3370.75,3371.5,623,3371.4955858748,322,301,0.2321,2651273
20200817-071200.000,0,361,3371.25,3371.5,3369.75,3370.25,497,3370.46277665996,339,158,0.2321,2651273
20200817-071300.000,0,490,3370.25,3370.25,3369,3369.5,637,3369.64403453689,371,266,0.2328,2651273
20200817-071400.000,0,234,3369.5,3370,3369.25,3369.75,293,3369.59044368601,146,147,0.2328,2651273
20200817-071500.000,0,324,3370,3370,3369,3370,431,3369.62180974478,212,219,0.2328,2651273
20200817-071600.000,0,285,3370,3370.75,3369.75,3370.25,376,3370.21941489362,236,140,0.2328,2651273
20200817-071700.000,0,282,3370.25,3370.75,3370,3370.5,484,3370.38068181818,222,262,0.2328,2651273
20200817-071800.000,0,412,3370.75,3371,3368.25,3368.5,608,3369.83141447368,376,232,0.2326,2651273
20200817-071900.000,0,716,3368.5,3369.25,3367.25,3368,952,3368.14206932773,541,411,0.2333,2651273
20200817-072000.000,0,656,3367.75,3367.75,3366.25,3366.5,878,3367.07317767654,515,363,0.2334,2651273
20200817-072100.000,0,758,3366.5,3367,3364.75,3365,1034,3365.8665377176,623,411,0.2331,2651273
20200817-072200.000,0,359,3365.25,3366.25,3365,3366.25,435,3365.5275862069,153,282,0.2346,2651273
20200817-072300.000,0,344,3366.25,3367.75,3366.25,3367.25,423,3367.11111111111,147,276,0.2347,2651273
20200817-072400.000,0,286,3367.25,3368.75,3367.25,3368.5,316,3368.07832278481,127,189,0.2339,2651273
20200817-072500.000,0,437,3368.5,3370.25,3368.5,3370.25,566,3369.48542402827,177,389,0.2331,2651273
20200817-072600.000,0,423,3370.5,3371.5,3370.5,3370.75,535,3370.88971962617,225,310,0.233,2651273
20200817-072700.000,0,211,3370.5,3371.5,3370.5,3371.25,240,3370.94375,114,126,0.2325,2651273
20200817-072800.000,0,317,3371,3372.25,3371,3371.75,418,3371.5514354067,198,220,0.2325,2651273
20200817-072900.000,0,242,3371.75,3372,3371,3371.75,289,3371.67041522491,136,153,0.2322,2651273
20200817-073000.000,0,476,3371.5,3373,3371.5,3372.5,583,3372.39451114923,214,369,0.232,2651273
20200817-073100.000,0,668,3372.5,3374.5,3372,3373.25,846,3373.47074468085,343,503,0.232,2651273
20200817-073200.000,0,511,3373.25,3374,3372.75,3373.5,694,3373.26296829971,300,394,0.2315,2651273
20200817-073300.000,0,298,3373.25,3373.5,3372.5,3373,347,3372.96685878963,180,167,0.2317,2651273
20200817-073400.000,0,226,3373,3373,3372,3372,298,3372.51929530201,166,132,0.2317,2651273
20200817-073500.000,0,203,3372,3372.25,3371.5,3371.5,218,3371.92087155963,126,92,0.232,2651273
20200817-073600.000,0,253,3371.75,3371.75,3370.75,3371.25,279,3371.39695340502,136,143,0.2322,2651273
20200817-073700.000,0,231,3371,3371.75,3371,3371.5,270,3371.30740740741,136,134,0.2322,2651273
20200817-073800.000,0,187,3371.25,3371.25,3370.75,3370.75,215,3370.97209302326,118,97,0.2323,2651273
20200817-073900.000,0,300,3370.75,3371.5,3370,3371.25,380,3370.66644736842,219,161,0.2326,2651273
20200817-074000.000,0,276,3371.5,3372,3370.25,3370.25,330,3371.18181818182,198,132,0.2326,2651273
20200817-074100.000,0,174,3370.5,3371.5,3370.5,3371.5,206,3370.98300970874,81,125,0.2326,2651273
20200817-074200.000,0,205,3371.5,3372,3370.75,3371.5,240,3371.39895833333,122,118,0.2324,2651273
20200817-074300.000,0,192,3371.75,3372.5,3371.25,3371.5,225,3371.96222222222,113,112,0.2323,2651273
20200817-074400.000,0,267,3371.5,3372,3370.75,3371.25,357,3371.42857142857,207,150,0.2323,2651273
20200817-074500.000,0,240,3371.25,3372,3371,3371,350,3371.31571428571,186,164,0.2324,2651273
20200817-074600.000,0,190,3371,3371.75,3371,3371.75,322,3371.41071428571,134,188,0.2323,2651273
20200817-074700.000,0,112,3371.5,3371.75,3371,3371.75,149,3371.36073825503,77,72,0.2323,2651273
20200817-074800.000,0,210,3371.5,3372.5,3371.25,3371.5,244,3372.12090163934,122,122,0.2322,2651273
20200817-074900.000,0,178,3371.25,3372.25,3370.75,3372,191,3371.53664921466,87,104,0.2322,2651273
20200817-075000.000,0,115,3372,3372.25,3371.5,3371.5,129,3371.72093023256,55,74,0.2322,2651273
20200817-075100.000,0,129,3371.5,3373,3371.5,3372.75,143,3372.25699300699,63,80,0.2323,2651273
20200817-075200.000,0,195,3372.75,3373.5,3372.25,3373.25,209,3372.6961722488,101,108,0.2321,2651273
20200817-075300.000,0,100,3373.25,3373.5,3372.75,3373,130,3373.30961538462,76,54,0.2321,2651273
20200817-075400.000,0,163,3373,3373,3372.25,3373,181,3372.73756906077,89,92,0.2318,2651273
20200817-075500.000,0,131,3373.25,3373.25,3372.75,3373.25,146,3372.99315068493,53,93,0.2318,2651273
20200817-075600.000,0,246,3373.25,3374.5,3373.25,3374.25,304,3373.86348684211,128,176,0.2318,2651273
20200817-075700.000,0,257,3374.25,3374.75,3373.75,3374.25,329,3374.44072948328,137,192,0.2311,2651273
20200817-075800.000,0,142,3374.25,3374.5,3374,3374,166,3374.29969879518,86,80,0.2311,2651273
20200817-075900.000,0,127,3374.25,3374.25,3373.75,3374,131,3373.99618320611,80,51,0.2311,2651273
20200817-080000.000,0,208,3374,3374.75,3373.75,3374,257,3374.28696498055,104,153,0.2309,2651273
20200817-080100.000,0,204,3374,3374.25,3372.5,3373,235,3373.29787234043,130,105,0.2312,2651273
20200817-080200.000,0,134,3373,3373.25,3373,3373,154,3373.06655844156,59,95,0.2312,2651273
20200817-080300.000,0,432,3373,3373,3369.75,3370,508,3371.17618110236,340,168,0.2317,2651273
20200817-080400.000,0,369,3370,3370.5,3369,3370.25,466,3369.63894849785,219,247,0.2317,2651273
20200817-080500.000,0,168,3370.5,3371.25,3370.5,3371,206,3371.04611650485,122,84,0.2321,2651273
20200817-080600.000,0,152,3371,3371.25,3370.5,3370.5,202,3370.82920792079,118,84,0.232,2651273
20200817-080700.000,0,257,3370.5,3371,3370.25,3371,278,3370.69514388489,119,159,0.232,2651273
20200817-080800.000,0,197,3370.75,3371,3370,3370.5,240,3370.46041666667,127,113,0.2323,2651273
20200817-080900.000,0,188,3370.5,3371.25,3370.5,3370.75,236,3370.85911016949,149,87,0.2322,2651273
20200817-081000.000,0,182,3370.75,3371,3370.5,3370.75,264,3370.74053030303,137,127,0.2321,2651273
20200817-081100.000,0,148,3370.75,3372,3370.75,3371.5,199,3371.30527638191,71,128,0.2321,2651273
20200817-081200.000,0,124,3371.25,3371.5,3370.75,3371.25,149,3371.14093959732,56,93,0.232,2651273
20200817-081300.000,0,108,3371.25,3371.75,3371,3371,119,3371.23949579832,57,62,0.232,2651273
20200817-081400.000,0,109,3371.25,3371.25,3370.5,3370.5,130,3370.90192307692,91,39,0.232,2651273
20200817-081500.000,0,175,3370.75,3370.75,3369.5,3369.5,223,3370.41255605381,134,89,0.2324,2651273
20200817-081600.000,0,223,3369.5,3370.75,3369,3370.75,309,3369.90938511327,132,177,0.2325,2651273
20200817-081700.000,0,297,3370.75,3372.25,3370.75,3372,329,3371.81534954407,140,189,0.2323,2651273
20200817-081800.000,0,181,3372,3372.75,3372,3372.25,199,3372.22110552764,76,123,0.2322,2651273
20200817-081900.000,0,171,3372.25,3372.75,3371.25,3371.5,199,3372.04773869347,92,107,0.232,2651273
20200817-082000.000,0,114,3371.5,3371.5,3370.5,3371,130,3370.96730769231,64,66,0.2326,2651273
20200817-082100.000,0,146,3371,3371,3370,3370.75,187,3370.51604278075,98,89,0.2326,2651273
20200817-082200.000,0,142,3371,3371.5,3371,3371,171,3371.26315789474,87,84,0.2325,2651273
20200817-082300.000,0,73,3371,3371.5,3371,3371.5,79,3371.23417721519,31,48,0.2326,2651273
20200817-082400.000,0,115,3371.25,3371.5,3371,3371.5,124,3371.27822580645,67,57,0.2326,2651273
20200817-082500.000,0,130,3371.25,3371.25,3370,3370,196,3370.59821428571,130,66,0.2327,2651273
20200817-082600.000,0,224,3369.75,3370.25,3369.25,3369.5,292,3369.91181506849,166,126,0.2327,2651273
20200817-082700.000,0,305,3369.5,3369.75,3368.5,3369.25,371,3369.15094339623,201,170,0.2332,2651273
20200817-082800.000,0,191,3369.25,3370,3369,3369.5,213,3369.49061032864,85,128,0.2333,2651273
20200817-082900.000,0,104,3369.5,3369.75,3369.25,3369.5,114,3369.60526315789,54,60,0.2333,2651273
20200817-083000.000,0,205,3369.5,3370.5,3369.25,3370.25,244,3369.74795081967,109,135,0.2332,2651273
20200817-083100.000,0,307,3370.25,3372,3370,3371.5,428,3371.05023364486,148,280,0.233,2651273
20200817-083200.000,0,154,3371.5,3371.5,3370.75,3371.25,293,3371.27901023891,189,104,0.233,2651273
20200817-083300.000,0,188,3371.25,3372,3371.25,3371.75,240,3371.66666666667,97,143,0.2328,2651273
20200817-083400.000,0,72,3371.75,3371.75,3371.5,3371.5,78,3371.58653846154,32,46,0.2326,2651273
20200817-083500.000,0,85,3371.25,3371.5,3371,3371,92,3371.19293478261,57,35,0.2326,2651273
20200817-083600.000,0,90,3371,3371,3370.75,3370.75,125,3370.814,46,79,0.2328,2651273
20200817-083700.000,0,119,3370.5,3370.75,3370,3370.75,150,3370.32833333333,77,73,0.2328,2651273
20200817-083800.000,0,66,3370.75,3370.75,3370.5,3370.5,72,3370.57291666667,36,36,0.2328,2651273
20200817-083900.000,0,37,3370.5,3370.5,3370.25,3370.5,40,3370.4875,24,16,0.2329,2651273
20200817-084000.000,0,372,3370.5,3370.75,3368.5,3369,449,3369.12138084633,276,173,0.2329,2651273
20200817-084100.000,0,216,3369,3369.5,3368.5,3369.5,292,3368.88441780822,172,120,0.2335,2651273
20200817-084200.000,0,295,3369.25,3371.25,3369.25,3371.25,429,3370.36072261072,190,239,0.2335,2651273
20200817-084300.000,0,304,3371.25,3372.5,3371.25,3371.5,447,3372.0514541387,172,275,0.2328,2651273
20200817-084400.000,0,155,3371.75,3372.5,3371.75,3372,199,3372.14447236181,78,121,0.2323,2651273
20200817-084500.000,0,122,3372,3372.25,3371.5,3371.5,190,3371.89342105263,107,83,0.2322,2651273
20200817-084600.000,0,293,3371.75,3372,3371.25,3371.5,729,3371.53086419753,273,456,0.2324,2651273
20200817-084700.000,0,407,3371.25,3371.5,3371,3371.5,1168,3371.31956335616,649,519,0.2325,2651273
20200817-084800.000,0,188,3371.75,3372.5,3371.75,3372.5,269,3372.27323420074,100,169,0.2326,2651273
20200817-084900.000,0,173,3372.25,3372.75,3371.75,3372.25,221,3372.18099547511,117,104,0.2321,2651273
20200817-085000.000,0,81,3372.25,3372.5,3372,3372,93,3372.13709677419,53,40,0.2322,2651273
20200817-085100.000,0,146,3372,3372.5,3371.5,3372.5,178,3371.96769662921,74,104,0.2323,2651273
20200817-085200.000,0,159,3372.25,3372.5,3371.75,3371.75,207,3371.99033816425,156,51,0.2324,2651273
20200817-085300.000,0,122,3371.75,3371.75,3371,3371.5,133,3371.35902255639,74,59,0.2324,2651273
20200817-085400.000,0,93,3371.5,3371.5,3371,3371.25,103,3371.40776699029,49,54,0.2324,2651273
20200817-085500.000,0,114,3371.25,3372.25,3371.25,3371.75,159,3371.48113207547,88,71,0.2324,2651273
20200817-085600.000,0,189,3371.75,3373,3371.75,3372.75,306,3372.35212418301,121,185,0.2325,2651273
20200817-085700.000,0,163,3372.75,3373.5,3372.5,3372.75,210,3372.98690476191,104,106,0.2321,2651273
20200817-085800.000,0,198,3372.75,3373,3372.25,3372.5,256,3372.5224609375,155,101,0.232,2651273
20200817-085900.000,0,189,3372.75,3373,3372,3373,251,3372.61055776892,122,129,0.2321,2651273
20200817-090000.000,0,118,3373,3373.25,3372.75,3373,161,3372.87732919255,92,69,0.232,2651273
20200817-090100.000,0,114,3372.75,3373.25,3372.5,3373.25,137,3373.04379562044,61,76,0.232,2651273
20200817-090200.000,0,188,3373.5,3374,3373.25,3373.5,230,3373.65543478261,102,128,0.2318,2651273
20200817-090300.000,0,102,3373.5,3373.75,3373.5,3373.75,128,3373.734375,44,84,0.2318,2651273
20200817-090400.000,0,88,3373.75,3373.75,3373.25,3373.75,109,3373.48394495413,43,66,0.2317,2651273
20200817-090500.000,0,99,3373.75,3373.75,3373.25,3373.75,139,3373.62769784173,49,90,0.2318,2651273
20200817-090600.000,0,125,3373.5,3373.75,3373.25,3373.75,144,3373.44097222222,90,54,0.2318,2651273
20200817-090700.000,0,196,3373.75,3374.5,3373.75,3374.25,247,3374.14068825911,88,159,0.2318,2651273
20200817-090800.000,0,138,3374.5,3374.5,3374,3374,184,3374.28260869565,106,78,0.2318,2651273
20200817-090900.000,0,107,3374,3374.25,3373.5,3374.25,117,3373.99786324786,74,43,0.2316,2651273
20200817-091000.000,0,82,3374,3374.25,3374,3374.25,98,3374.16071428571,50,48,0.2317,2651273
20200817-091100.000,0,195,3374.25,3374.5,3373.75,3374.5,266,3374.20958646617,90,176,0.2317,2651273
20200817-091200.000,0,115,3374.25,3374.5,3374,3374.25,146,3374.31506849315,63,83,0.2317,2651273
20200817-091300.000,0,59,3374.5,3374.5,3374,3374.25,77,3374.21753246753,30,47,0.2316,2651273
20200817-091400.000,0,173,3374.25,3375,3374,3374,233,3374.60729613734,111,122,0.2317,2651273
20200817-091500.000,0,138,3374.25,3374.5,3374,3374.5,199,3374.23492462312,90,109,0.2317,2651273
20200817-091600.000,0,85,3374.5,3374.75,3374.5,3374.5,110,3374.52954545455,58,52,0.2315,2651273
20200817-091700.000,0,509,3374.75,3376.25,3374.5,3374.75,859,3375.30471478463,255,604,0.2315,2651273
20200817-091800.000,0,128,3374.75,3374.75,3374.5,3374.75,294,3374.67091836735,122,172,0.2314,2651273
20200817-091900.000,0,147,3374.5,3375.75,3374.5,3375.75,209,3375.33014354067,74,135,0.2312,2651273
20200817-092000.000,0,209,3376,3376.5,3375.75,3376,296,3376.00675675676,120,176,0.2311,2651273
20200817-092100.000,0,137,3376,3376.5,3376,3376,166,3376.13102409639,100,66,0.231,2651273
20200817-092200.000,0,88,3375.75,3375.75,3375.5,3375.75,109,3375.64678899083,56,53,0.231,2651273
20200817-092300.000,0,76,3375.75,3375.75,3375.5,3375.75,104,3375.64903846154,39,65,0.2311,2651273
20200817-092400.000,0,153,3375.75,3375.75,3375.25,3375.25,190,3375.53157894737,102,88,0.2312,2651273
20200817-092500.000,0,142,3375.5,3375.75,3375,3375,184,3375.38994565217,98,86,0.2312,2651273
20200817-092600.000,0,176,3375,3375.25,3374.5,3374.75,220,3374.79204545455,127,93,0.2313,2651273
20200817-092700.000,0,63,3374.5,3375,3374.25,3374.75,71,3374.61267605634,31,40,0.2314,2651273
20200817-092800.000,0,124,3374.75,3375,3374.75,3375,177,3374.88276836158,45,132,0.2315,2651273
20200817-092900.000,0,73,3375,3375.25,3374.5,3374.5,109,3374.77752293578,48,61,0.2315,2651273
20200817-093000.000,0,77,3374.75,3374.75,3374.25,3374.25,88,3374.46590909091,49,39,0.2316,2651273
20200817-093100.000,0,342,3374.25,3374.25,3373.5,3373.75,528,3373.82575757576,290,238,0.2316,2651273
20200817-093200.000,0,130,3373.5,3373.75,3373.25,3373.5,178,3373.52808988764,98,80,0.2316,2651273
20200817-093300.000,0,67,3373.5,3373.75,3373.5,3373.75,69,3373.65579710145,27,42,0.2316,2651273
20200817-093400.000,0,56,3373.75,3374,3373.5,3373.5,67,3373.66417910448,46,21,0.2316,2651273
20200817-093500.000,0,201,3373.5,3373.5,3373,3373,250,3373.206,181,69,0.2316,2651273
20200817-093600.000,0,109,3373,3373,3372.5,3372.75,152,3372.88980263158,101,51,0.2316,2651273
20200817-093700.000,0,219,3372.75,3372.75,3372.5,3372.75,390,3372.65961538462,158,232,0.2318,2651273
20200817-093800.000,0,222,3372.75,3372.75,3372,3372.5,434,3372.40841013825,343,91,0.232,2651273
20200817-093900.000,0,259,3372.25,3372.5,3371.75,3372.5,460,3372.22336956522,246,214,0.232,2651273
20200817-094000.000,0,168,3372.25,3373,3372.25,3372.75,196,3372.67729591837,108,88,0.232,2651273
20200817-094100.000,0,119,3372.75,3373,3372.75,3372.75,133,3372.87593984962,79,54,0.2318,2651273
20200817-094200.000,0,81,3373,3373,3372.75,3372.75,100,3372.835,56,44,0.2318,2651273
20200817-094300.000,0,76,3372.75,3373.5,3372.75,3373,82,3373.125,46,36,0.2319,2651273
20200817-094400.000,0,112,3373,3373.25,3372.25,3372.25,140,3372.68571428571,84,56,0.232,2651273
20200817-094500.000,0,111,3372.5,3373,3372.5,3372.75,125,3372.842,71,54,0.232,2651273
20200817-094600.000,0,86,3373,3373.25,3372.75,3373,114,3373.10526315789,32,82,0.2319,2651273
20200817-094700.000,0,106,3373,3373.5,3373,3373.5,132,3373.28787878788,46,86,0.2319,2651273
20200817-094800.000,0,107,3373.75,3373.75,3372.5,3372.5,171,3373.38157894737,114,57,0.2317,2651273
20200817-094900.000,0,131,3372.5,3372.5,3371.5,3371.75,156,3371.83333333333,82,74,0.2317,2651273
20200817-095000.000,0,96,3371.75,3371.75,3371.5,3371.75,135,3371.63518518519,71,64,0.2322,2651273
20200817-095100.000,0,147,3371.75,3372,3371,3371.5,177,3371.43220338983,103,74,0.2324,2651273
20200817-095200.000,0,67,3371.5,3371.75,3371.5,3371.5,75,3371.60333333333,47,28,0.2324,2651273
20200817-095300.000,0,84,3371.75,3371.75,3371.5,3371.75,97,3371.67010309278,38,59,0.2323,2651273
20200817-095400.000,0,105,3371.75,3371.75,3371.5,3371.75,121,3371.67768595041,55,66,0.2323,2651273
20200817-095500.000,0,113,3371.75,3372.5,3371.75,3372.5,127,3372.00787401575,34,93,0.2322,2651273
20200817-095600.000,0,134,3372.5,3372.5,3371.75,3371.75,192,3372.19140625,124,68,0.2322,2651273
20200817-095700.000,0,140,3372,3372,3371.5,3372,249,3371.81024096386,113,136,0.2322,2651273
20200817-095800.000,0,212,3372,3372.25,3371.75,3372,285,3371.88859649123,127,158,0.2323,2651273
20200817-095900.000,0,86,3372,3372.25,3372,3372,102,3372.00980392157,55,47,0.2322,2651273
20200817-100000.000,0,222,3372.25,3372.25,3371.5,3372,307,3371.82899022801,162,145,0.2322,2651273
20200817-100100.000,0,130,3371.75,3372.5,3371.75,3372.25,224,3372.00446428571,115,109,0.2322,2651273
20200817-100200.000,0,79,3372.5,3372.5,3372.25,3372.5,94,3372.31914893617,40,54,0.232,2651273
20200817-100300.000,0,147,3372.5,3372.75,3372.25,3372.25,174,3372.41522988506,106,68,0.232,2651273
20200817-100400.000,0,127,3372.25,3372.25,3371.5,3372.25,157,3371.8678343949,77,80,0.232,2651273
20200817-100500.000,0,67,3372,3372.25,3371.5,3371.75,78,3371.77884615385,56,22,0.232,2651273
20200817-100600.000,0,102,3371.5,3372.5,3371.5,3372.5,133,3372.07894736842,78,55,0.232,2651273
20200817-100700.000,0,44,3372.5,3372.75,3372.5,3372.5,57,3372.50877192982,29,28,0.232,2651273
20200817-100800.000,0,189,3372.75,3373.5,3372.5,3373.5,235,3373.08829787234,67,168,0.2319,2651273
20200817-100900.000,0,63,3373.5,3373.75,3373.25,3373.5,77,3373.58116883117,30,47,0.2319,2651273
20200817-101000.000,0,92,3373.25,3373.75,3373.25,3373.25,107,3373.3808411215,59,48,0.2317,2651273
20200817-101100.000,0,93,3373.25,3373.5,3373,3373,117,3373.23290598291,56,61,0.2317,2651273
20200817-101200.000,0,88,3373.25,3373.5,3373,3373,108,3373.11111111111,59,49,0.2317,2651273
20200817-101300.000,0,128,3373.25,3373.25,3373,3373,153,3373.06862745098,65,88,0.2317,2651273
20200817-101400.000,0,155,3373.25,3373.25,3372.5,3372.5,185,3373.06081081081,121,64,0.2317,2651273
20200817-101500.000,0,128,3372.5,3372.5,3371.75,3372,192,3372.04296875,82,110,0.232,2651273
20200817-101600.000,0,101,3371.75,3372.25,3371.75,3372,115,3371.87173913044,69,46,0.232,2651273
20200817-101700.000,0,30,3372,3372.25,3372,3372.25,37,3372.06756756757,16,21,0.232,2651273
20200817-101800.000,0,69,3372,3372.5,3371.75,3372.25,101,3372.10891089109,48,53,0.2321,2651273
20200817-101900.000,0,14,3372,3372.25,3372,3372.25,15,3372.03333333333,13,2,0.2321,2651273
20200817-102000.000,0,60,3372,3372.25,3371.75,3371.75,117,3371.92521367521,60,57,0.232,2651273
20200817-102100.000,0,298,3371.75,3372,3370.5,3370.75,425,3371.18764705882,275,150,0.232,2651273
20200817-102200.000,0,92,3370.75,3371,3370.5,3371,131,3370.87404580153,48,83,0.2328,2651273
20200817-102300.000,0,102,3370.75,3371,3370.5,3371,171,3370.89766081871,72,99,0.2327,2651273
20200817-102400.000,0,19,3371,3371,3370.75,3371,19,3370.97368421053,8,11,0.2327,2651273
20200817-102500.000,0,75,3371,3371.75,3371,3371.5,119,3371.15966386555,36,83,0.2327,2651273
20200817-102600.000,0,173,3371.5,3372,3371.5,3371.5,288,3371.83072916667,97,191,0.2325,2651273
20200817-102700.000,0,40,3371.5,3371.5,3371.5,3371.5,44,3371.5,27,17,0.2325,2651273
20200817-102800.000,0,35,3371.75,3371.75,3371.5,3371.5,49,3371.74489795918,31,18,0.2325,2651273
20200817-102900.000,0,90,3371.75,3371.75,3371.75,3371.75,102,3371.75,61,41,0.2325,2651273
20200817-103000.000,0,64,3371.75,3372,3371.75,3372,136,3371.93382352941,22,114,0.2325,2651273
20200817-103100.000,0,152,3372,3372,3371.5,3371.75,198,3371.80555555556,108,90,0.2325,2651273
20200817-103200.000,0,173,3371.75,3372,3371.75,3371.75,265,3371.80660377359,127,138,0.2325,2651273
20200817-103300.000,0,107,3371.75,3371.75,3371.25,3371.25,126,3371.50396825397,77,49,0.2326,2651273
20200817-103400.000,0,145,3371.25,3371.5,3370.5,3370.75,176,3371.02698863636,141,35,0.2326,2651273
20200817-103500.000,0,122,3370.75,3371.5,3370.75,3371.25,142,3371.06338028169,58,84,0.2326,2651273
20200817-103600.000,0,22,3371.25,3371.25,3371,3371,23,3371.05434782609,9,14,0.2326,2651273
20200817-103700.000,0,74,3371.25,3371.75,3371.25,3371.75,93,3371.47849462366,38,55,0.2326,2651273
20200817-103800.000,0,76,3371.75,3372,3371.5,3371.5,96,3371.68229166667,44,52,0.2326,2651273
20200817-103900.000,0,56,3371.5,3372,3371.25,3372,69,3371.63768115942,22,47,0.2326,2651273
20200817-104000.000,0,68,3372,3372,3371.75,3372,136,3371.92095588235,26,110,0.2323,2651273
20200817-104100.000,0,119,3371.75,3372,3371.75,3371.75,182,3371.85989010989,79,103,0.2323,2651273
20200817-104200.000,0,70,3371.75,3371.75,3371.5,3371.75,80,3371.5875,37,43,0.2323,2651273
20200817-104300.000,0,104,3371.5,3372,3371.5,3371.75,246,3371.88008130081,75,171,0.2323,2651273
20200817-104400.000,0,36,3371.75,3371.75,3371.75,3371.75,41,3371.75,34,7,0.2324,2651273
20200817-104500.000,0,86,3371.5,3372,3371.25,3372,107,3371.56542056075,65,42,0.2325,2651273
20200817-104600.000,0,76,3372,3372,3371.75,3371.75,151,3371.89238410596,55,96,0.2324,2651273
20200817-104700.000,0,72,3371.75,3372,3371.75,3371.75,89,3371.75280898876,60,29,0.2324,2651273
20200817-104800.000,0,34,3371.75,3372,3371.5,3372,35,3371.74285714286,5,30,0.2324,2651273
20200817-104900.000,0,90,3372,3372,3371.5,3371.75,104,3371.81730769231,45,59,0.2324,2651273
20200817-105000.000,0,105,3371.75,3372,3371.25,3371.75,155,3371.62903225806,90,65,0.2324,2651273
20200817-105100.000,0,79,3371.75,3371.75,3371,3371.25,99,3371.29545454545,65,34,0.2325,2651273
20200817-105200.000,0,148,3371.25,3371.25,3370.25,3371,188,3370.72473404255,98,90,0.2325,2651273
20200817-105300.000,0,71,3371.25,3371.25,3370.75,3371,96,3370.95572916667,50,46,0.2327,2651273
20200817-105400.000,0,76,3371.25,3371.75,3371,3371.5,113,3371.30309734513,44,69,0.2327,2651273
20200817-105500.000,0,63,3371.5,3372,3371.5,3371.75,78,3371.67948717949,30,48,0.2326,2651273
20200817-105600.000,0,95,3372,3372,3371.75,3372,185,3371.91891891892,42,143,0.2324,2651273
20200817-105700.000,0,32,3372,3372,3371.75,3372,48,3371.96875,6,42,0.2324,2651273
20200817-105800.000,0,222,3371.75,3372,3371.5,3372,470,3371.91010638298,133,337,0.2324,2651273
20200817-105900.000,0,644,3372,3372.75,3371.5,3372.75,1078,3372.17741187384,534,544,0.2324,2651273
20200817-110000.000,0,340,3372.75,3373,3371.5,3371.75,492,3372.27388211382,276,216,0.2322,2651273
20200817-110100.000,0,81,3371.75,3372,3371.5,3371.75,130,3371.86346153846,41,89,0.2322,2651273
20200817-110200.000,0,98,3371.75,3372.25,3371.5,3372.25,136,3371.88970588235,48,88,0.2323,2651273
20200817-110300.000,0,130,3372.25,3372.5,3372.25,3372.25,166,3372.33734939759,77,89,0.2321,2651273
20200817-110400.000,0,194,3372,3372.75,3372,3372.75,351,3372.55270655271,210,141,0.2321,2651273
20200817-110500.000,0,179,3372.5,3372.5,3372,3372.5,256,3372.2880859375,170,86,0.2323,2651273
20200817-110600.000,0,62,3372.5,3372.75,3372.5,3372.5,69,3372.64492753623,35,34,0.2323,2651273
20200817-110700.000,0,143,3372.75,3373,3372.75,3373,180,3372.92361111111,82,98,0.2323,2651273
20200817-110800.000,0,125,3373,3373.5,3373,3373.5,180,3373.34027777778,84,96,0.2314,2651273
20200817-110900.000,0,120,3373.5,3373.5,3372.75,3373,167,3373.2754491018,103,64,0.2314,2651273
20200817-111000.000,0,78,3373,3373.25,3372.5,3372.5,93,3372.68548387097,76,17,0.2315,2651273
20200817-111100.000,0,121,3372.75,3373,3372.75,3372.75,140,3372.77321428571,54,86,0.2315,2651273
20200817-111200.000,0,71,3372.75,3372.75,3372.5,3372.5,81,3372.53086419753,62,19,0.2316,2641497
20200817-111300.000,0,233,3372.5,3372.75,3371.25,3372,313,3372.02476038339,148,165,0.2316,2641497
20200817-111400.000,0,57,3371.75,3371.75,3371.5,3371.5,87,3371.67528735632,76,11,0.2317,2641497
20200817-111500.000,0,132,3371.5,3372.5,3371.5,3372.5,181,3371.73895027624,52,129,0.2317,2641497
20200817-111600.000,0,152,3372.5,3372.5,3372.25,3372.25,274,3372.40510948905,143,131,0.2317,2641497
20200817-111700.000,0,48,3372,3372.5,3372,3372.25,55,3372.16363636364,29,26,0.2317,2641497
20200817-111800.000,0,51,3372.5,3372.5,3372,3372,58,3372.09482758621,32,26,0.2317,2641497
20200817-111900.000,0,48,3372,3372,3371.5,3371.75,50,3371.775,21,29,0.2318,2641497
20200817-112000.000,0,71,3371.5,3372,3371.5,3371.75,98,3371.60459183673,61,37,0.2317,2641497
20200817-112100.000,0,128,3371.75,3372.5,3371.75,3372.25,155,3372.11612903226,61,94,0.2317,2641497
20200817-112200.000,0,74,3372,3372,3371.5,3371.75,96,3371.89322916667,71,25,0.2317,2641497
20200817-112300.000,0,65,3372,3372.25,3372,3372,76,3372.07894736842,28,48,0.2317,2641497
20200817-112400.000,0,53,3372.25,3372.25,3372,3372,70,3372.12857142857,55,15,0.2318,2641497
20200817-112500.000,0,58,3372.25,3372.5,3372.25,3372.5,77,3372.36038961039,16,61,0.2317,2641497
20200817-112600.000,0,134,3372.5,3372.75,3372.5,3372.5,154,3372.61850649351,79,75,0.2317,2641497
20200817-112700.000,0,83,3372.5,3372.5,3372,3372.5,123,3372.26219512195,69,54,0.2315,2641497
20200817-112800.000,0,71,3372.5,3373.25,3372.5,3373,99,3372.94444444444,53,46,0.2314,2641497
20200817-112900.000,0,17,3372.75,3372.75,3372.5,3372.75,19,3372.72368421053,17,2,0.2314,2641497
20200817-113000.000,0,1364,3372.75,3373.75,3370.25,3373.5,1915,3371.84360313316,1026,889,0.2319,2641497
20200817-113100.000,0,138,3373.5,3373.5,3373,3373,198,3373.36994949495,104,94,0.2311,2641497
20200817-113200.000,0,169,3373,3373.25,3372.25,3372.25,233,3372.77360515022,146,87,0.2313,2641497
20200817-113300.000,0,71,3372.25,3372.25,3372.25,3372.25,86,3372.25,41,45,0.2313,2641497
20200817-113400.000,0,119,3372.25,3372.25,3371.5,3371.75,136,3371.8125,86,50,0.2317,2641497
20200817-113500.000,0,108,3371.75,3372.5,3371.75,3372.25,131,3372.27290076336,62,69,0.2317,2641497
20200817-113600.000,0,71,3372.25,3372.5,3371.75,3372,85,3372.06470588235,53,32,0.2316,2641497
20200817-113700.000,0,87,3372.25,3372.5,3372,3372.25,118,3372.30508474576,40,78,0.2315,2641497
20200817-113800.000,0,50,3372.25,3372.75,3372.25,3372.5,54,3372.45833333333,38,16,0.2315,2641497
20200817-113900.000,0,48,3372.75,3372.75,3372.25,3372.25,77,3372.38961038961,48,29,0.2315,2641497
20200817-114000.000,0,24,3372.25,3372.5,3372.25,3372.25,26,3372.44230769231,6,20,0.2315,2641497
20200817-114100.000,0,186,3372.25,3373.5,3372.25,3373,248,3373.03528225806,50,198,0.2315,2641497
20200817-114200.000,0,362,3373,3374,3373,3373.25,486,3373.38888888889,191,295,0.2315,2641497
20200817-114300.000,0,302,3373.25,3374.5,3373,3374.25,454,3373.76376651982,129,325,0.2313,2641497
20200817-114400.000,0,155,3374.25,3374.75,3373.5,3373.5,222,3374.12387387387,110,112,0.2311,2641497
20200817-114500.000,0,94,3373.5,3373.5,3372.75,3373,121,3373.22107438017,75,46,0.231,2641497
20200817-114600.000,0,75,3372.75,3373.25,3372.75,3373,113,3372.99557522124,53,60,0.231,2641497
20200817-114700.000,0,118,3373,3373.25,3372.75,3372.75,170,3373.05882352941,97,73,0.2312,2641497
20200817-114800.000,0,67,3373,3373.75,3373,3373.75,87,3373.23850574713,15,72,0.2313,2641497
20200817-114900.000,0,122,3373.5,3373.75,3373.5,3373.5,155,3373.63548387097,86,69,0.2313,2641497
20200817-115000.000,0,100,3373.5,3373.75,3373.25,3373.75,123,3373.43495934959,70,53,0.231,2641497
20200817-115100.000,0,95,3373.75,3373.75,3372.5,3372.75,177,3373.00847457627,156,21,0.2312,2641497
20200817-115200.000,0,159,3372.5,3372.75,3372.5,3372.75,272,3372.55514705882,222,50,0.2312,2641497
20200817-115300.000,0,87,3373,3373,3372.5,3372.75,217,3372.85368663594,73,144,0.2312,2641497
20200817-115400.000,0,50,3372.75,3373,3372.5,3372.5,69,3372.75724637681,45,24,0.2312,2641497
20200817-115500.000,0,36,3372.5,3372.75,3372.5,3372.75,38,3372.73684210526,15,23,0.2312,2641497
20200817-115600.000,0,64,3372.75,3372.75,3372.5,3372.75,109,3372.5871559633,82,27,0.2312,2641497
20200817-115700.000,0,63,3372.75,3372.75,3372.5,3372.75,86,3372.74418604651,55,31,0.2312,2641497
20200817-115800.000,0,37,3372.5,3372.5,3372.25,3372.5,43,3372.48255813954,27,16,0.2312,2641497
20200817-115900.000,0,55,3372.25,3372.25,3372,3372.25,70,3372.18928571429,52,18,0.2312,2641497
20200817-120000.000,0,153,3372.5,3372.5,3372,3372.25,171,3372.34356725146,111,60,0.2313,2641497
20200817-120100.000,0,128,3372,3372.25,3371.75,3372.25,159,3372.06603773585,85,74,0.2313,2641497
20200817-120200.000,0,24,3372.25,3372.5,3372,3372,28,3372.28571428571,22,6,0.2313,2641497
20200817-120300.000,0,44,3372.25,3372.75,3372.25,3372.75,56,3372.42857142857,5,51,0.2313,2641497
20200817-120400.000,0,139,3372.75,3373,3372.5,3373,175,3372.66857142857,83,92,0.2313,2641497
20200817-120500.000,0,183,3372.75,3373.25,3372.75,3373.25,401,3373.14463840399,84,317,0.231,2641497
20200817-120600.000,0,195,3373.25,3373.25,3372.75,3373,309,3372.9069579288,192,117,0.2334,2641497
20200817-120700.000,0,45,3372.75,3373,3372.75,3373,85,3372.98529411765,28,57,0.2334,2641497
20200817-120800.000,0,44,3373,3373.25,3373,3373,57,3373.02631578947,42,15,0.2335,2641497
20200817-120900.000,0,51,3373,3373,3372.75,3372.75,65,3372.95769230769,28,37,0.2335,2641497
20200817-121000.000,0,203,3372.75,3373,3372.5,3372.75,321,3372.82710280374,192,129,0.2334,2641497
20200817-121100.000,0,39,3372.75,3373,3372.75,3372.75,75,3372.91,17,58,0.2334,2641497
20200817-121200.000,0,113,3372.75,3373,3372.75,3372.75,156,3372.76923076923,104,52,0.2334,2641497
20200817-121300.000,0,98,3372.75,3373,3372.5,3373,125,3372.754,47,78,0.2334,2641497
20200817-121400.000,0,94,3373,3373,3372.75,3373,201,3372.94900497512,40,161,0.2335,2641497
20200817-121500.000,0,93,3373,3373,3372.25,3372.25,148,3372.63006756757,106,42,0.2336,2641497
20200817-121600.000,0,115,3372.5,3372.75,3372.25,3372.75,174,3372.53735632184,47,127,0.2336,2641497
20200817-121700.000,0,291,3372.75,3373.75,3372.75,3373.75,516,3373.34980620155,194,322,0.2334,2641497
20200817-121800.000,0,337,3374,3374.25,3373.5,3374.25,498,3373.79919678715,288,210,0.2334,2641497
20200817-121900.000,0,280,3374,3374.5,3373.75,3373.75,500,3374.0625,329,171,0.2333,2641497
20200817-122000.000,0,125,3373.75,3374.25,3373.75,3374,319,3373.96630094044,204,115,0.2333,2641497
20200817-122100.000,0,308,3374,3374.75,3374,3374.25,528,3374.41051136364,204,324,0.233,2641497
20200817-122200.000,0,144,3374.5,3374.5,3374.25,3374.25,225,3374.32,132,93,0.2337,2641497
20200817-122300.000,0,323,3374,3374,3373.25,3373.75,562,3373.77357651246,428,134,0.2338,2641497
20200817-122400.000,0,324,3373.75,3374.25,3373.25,3373.75,485,3373.62783505155,210,275,0.2334,2641497
20200817-122500.000,0,160,3373.75,3374.25,3373.75,3373.75,190,3373.9552631579,102,88,0.2331,2641497
20200817-122600.000,0,163,3374,3374.5,3373.75,3374.25,219,3374.12442922374,106,113,0.233,2641497
20200817-122700.000,0,148,3374.25,3374.75,3374.25,3374.5,215,3374.36744186047,97,118,0.2244,2641497
20200817-122800.000,0,142,3374.5,3374.5,3373.75,3373.75,195,3374.09871794872,118,77,0.2243,2641497
20200817-122900.000,0,479,3374,3374.75,3373,3374,965,3373.79326424871,626,339,0.2244,2641497
20200817-123000.000,0,372,3373.75,3373.75,3372.75,3373.75,668,3373.35741017964,330,338,0.3232,2641497
20200817-123100.000,0,235,3373.75,3374.25,3373.5,3374.25,416,3373.89182692308,243,173,0.2332,2641497
20200817-123200.000,0,258,3374.25,3374.75,3373.75,3374.25,541,3374.07439926063,281,260,0.2331,2641497
20200817-123300.000,0,205,3374.25,3374.75,3374,3374.5,351,3374.28347578348,166,185,0.2327,2641497
20200817-123400.000,0,177,3374.5,3374.75,3374.25,3374.25,341,3374.51832844575,310,31,0.2327,2641497
20200817-123500.000,0,192,3374.5,3374.5,3373.75,3374.5,444,3374.18243243243,171,273,0.2327,2641497
20200817-123600.000,0,396,3374.5,3375.5,3374.25,3375,551,3374.89655172414,147,404,0.2329,2641497
20200817-123700.000,0,330,3375,3375.25,3374.5,3375,578,3374.79844290657,364,214,0.2328,2641497
20200817-123800.000,0,272,3375,3375.25,3374.5,3375,437,3374.89931350114,302,135,0.2328,2641497
20200817-123900.000,0,103,3375,3375.25,3374.75,3375,153,3374.96405228758,120,33,0.225,2641497
20200817-124000.000,0,524,3374.75,3376.25,3374.75,3375.75,896,3375.763671875,384,512,0.225,2641497
20200817-124100.000,0,437,3375.75,3377,3375.5,3376.75,749,3376.21395193591,246,503,0.225,2641497
20200817-124200.000,0,368,3376.5,3377,3376,3376.5,534,3376.58052434457,247,287,0.2254,2641497
20200817-124300.000,0,315,3376.5,3377,3376.5,3376.75,530,3376.74009433962,226,304,0.233,2641497
20200817-124400.000,0,115,3376.75,3376.75,3376.5,3376.75,159,3376.66509433962,68,91,0.2326,2641497
20200817-124500.000,0,123,3376.75,3376.75,3376.25,3376.25,194,3376.57989690722,67,127,0.2326,2641497
20200817-124600.000,0,149,3376.5,3376.5,3376,3376,201,3376.23631840796,100,101,0.2296,2641497
20200817-124700.000,0,149,3376,3376.5,3376,3376.5,193,3376.33678756477,65,128,0.2296,2641497
20200817-124800.000,0,227,3376.5,3376.75,3376.25,3376.5,413,3376.43159806295,227,186,0.2296,2641497
20200817-124900.000,0,207,3376.25,3377,3376.25,3376.5,246,3376.62703252033,136,110,0.2296,2641497
20200817-125000.000,0,335,3376.5,3377.75,3376.5,3377.5,615,3377.17723577236,106,509,0.2295,2641497
20200817-125100.000,0,331,3377.5,3377.75,3377,3377.25,699,3377.26931330472,334,365,0.2294,2641497
20200817-125200.000,0,282,3377,3377.5,3377,3377.25,474,3377.20042194093,170,304,0.2293,2641497
20200817-125300.000,0,140,3377.25,3377.5,3377.25,3377.5,234,3377.35683760684,75,159,0.2294,2641497
20200817-125400.000,0,204,3377.25,3377.5,3377,3377.25,282,3377.23847517731,175,107,0.2294,2641497
20200817-125500.000,0,415,3377,3377.75,3377,3377.25,708,3377.31461864407,282,426,0.2294,2641497
20200817-125600.000,0,296,3377.25,3378,3377,3378,474,3377.57594936709,236,238,0.2293,2641497
20200817-125700.000,0,362,3378,3378.25,3377.75,3377.75,652,3378.00268404908,238,414,0.2291,2641497
20200817-125800.000,0,342,3377.75,3378,3377,3377.5,598,3377.35911371237,320,278,0.2293,2641497
20200817-125900.000,0,462,3377.25,3377.75,3376.75,3377.5,879,3377.17007963595,492,387,0.2295,2641497
20200817-130000.000,0,309,3377.25,3377.75,3377.25,3377.5,486,3377.55401234568,227,259,0.2293,2641497
20200817-130100.000,0,299,3377.75,3377.75,3377,3377,491,3377.5417515275,295,196,0.2293,2641497
20200817-130200.000,0,235,3377.25,3377.5,3377,3377.25,483,3377.23654244306,129,354,0.2294,2641497
20200817-130300.000,0,321,3377,3377.25,3376.75,3377,495,3377.00555555556,259,236,0.2294,2641497
20200817-130400.000,0,236,3377,3377.5,3377,3377.25,412,3377.24332524272,183,229,0.2294,2641497
20200817-130500.000,0,177,3377.25,3378,3377,3378,262,3377.62309160305,74,188,0.2293,2641497
20200817-130600.000,0,143,3377.75,3378.25,3377.75,3378,293,3377.96160409556,127,166,0.2291,2641497
20200817-130700.000,0,222,3377.75,3378.25,3377.75,3378,440,3378.02272727273,176,264,0.2292,2641497
20200817-130800.000,0,117,3378.25,3378.5,3378,3378.25,191,3378.39659685864,18,173,0.229,2641497
20200817-130900.000,0,83,3378.25,3378.5,3378.25,3378.25,111,3378.29954954955,67,44,0.2288,2641497
20200817-131000.000,0,456,3378.25,3378.75,3378,3378.75,901,3378.57796892342,334,567,0.2289,2641497
20200817-131100.000,0,295,3378.75,3378.75,3378.25,3378.5,447,3378.51621923937,238,209,0.2288,2641497
20200817-131200.000,0,165,3378.75,3379,3378.5,3378.75,401,3378.74376558604,138,263,0.2288,2641497
20200817-131300.000,0,446,3378.75,3379,3378,3378,868,3378.52707373272,503,365,0.2288,2641497
20200817-131400.000,0,316,3378,3378.25,3377.75,3378,493,3377.9878296146,318,175,0.2289,2641497
20200817-131500.000,0,264,3378,3378.5,3378,3378.5,443,3378.20146726862,194,249,0.2289,2641497
20200817-131600.000,0,138,3378.5,3378.5,3378.25,3378.25,412,3378.47936893204,139,273,0.2289,2641497
20200817-131700.000,0,179,3378.5,3378.5,3378.25,3378.5,347,3378.3530259366,227,120,0.2289,2641497
20200817-131800.000,0,115,3378.5,3378.5,3378,3378.25,314,3378.23964968153,185,129,0.2288,2641497
20200817-131900.000,0,139,3378.25,3378.5,3378,3378.25,258,3378.26453488372,101,157,0.2289,2641497
20200817-132000.000,0,172,3378,3378.5,3378,3378.25,321,3378.28738317757,98,223,0.2288,2641497
20200817-132100.000,0,159,3378.5,3378.5,3378,3378,273,3378.37454212454,117,156,0.2288,2641497
20200817-132200.000,0,44,3378,3378.25,3378,3378.25,70,3378.08214285714,47,23,0.2289,2641497
20200817-132300.000,0,63,3378.25,3378.25,3378,3378,87,3378.02873563218,77,10,0.229,2641497
20200817-132400.000,0,181,3378,3378.25,3377.75,3378.25,351,3378.05484330484,100,251,0.229,2641497
20200817-132500.000,0,288,3378.25,3378.5,3378,3378.25,497,3378.27515090543,207,290,0.2289,2641497
20200817-132600.000,0,120,3378.25,3378.5,3378,3378.25,165,3378.1696969697,65,100,0.229,2641497
20200817-132700.000,0,226,3378.25,3378.5,3378.25,3378.5,417,3378.42026378897,133,284,0.229,2638249
20200817-132800.000,0,448,3378.5,3379,3378.25,3378.5,878,3378.61702733485,410,468,0.2288,2638249
20200817-132900.000,0,703,3378.5,3379,3378.25,3378.75,1340,3378.67929104478,588,752,0.2288,2638249
20200817-133000.000,0,4753,3378.75,3379,3376.75,3377,9933,3377.92484647136,4794,5139,0.2289,2638249
20200817-133100.000,0,2749,3377.25,3378,3376.25,3377.25,4595,3377.12997823721,2392,2203,0.2293,2638249
20200817-133200.000,0,2556,3377.25,3378.25,3376.75,3378.25,4355,3377.27198622273,2191,2164,0.2292,2638249
20200817-133300.000,0,2235,3378.25,3378.5,3377.25,3378.5,3433,3377.91042819691,1589,1844,0.2289,2638249
20200817-133400.000,0,2451,3378.25,3379.5,3378,3378.75,4159,3378.63374609281,1716,2443,0.2284,2638249
20200817-133500.000,0,2673,3378.75,3380,3378,3379,4469,3379.08217722085,2206,2263,0.2283,2638249
20200817-133600.000,0,1686,3379,3379.25,3378,3378.25,2730,3378.62728937729,1246,1484,0.2284,2638249
20200817-133700.000,0,1704,3378.25,3378.25,3377.5,3378,2735,3377.87358318099,1451,1284,0.2282,2638249
20200817-133800.000,0,2257,3378.25,3379,3377.25,3378.75,3874,3378.19779297883,1654,2220,0.2283,2638249
20200817-133900.000,0,1698,3379,3379.75,3378.5,3379,2573,3379.14399533618,1273,1300,0.2279,2638249
20200817-134000.000,0,2388,3379,3380.75,3378.75,3380,4122,3380.108927705,1775,2347,0.2276,2638249
20200817-134100.000,0,1575,3380.25,3380.75,3379.75,3380.25,2735,3380.25447897623,1378,1357,0.2278,2638249
20200817-134200.000,0,1235,3380.5,3381,3380.25,3380.5,2150,3380.66,999,1151,0.2278,2638249
20200817-134300.000,0,1153,3380.75,3380.75,3380.25,3380.5,2058,3380.47728377065,959,1099,0.2278,2638249
20200817-134400.000,0,1231,3380.5,3381,3379.5,3379.75,2237,3380.26665176576,1208,1029,0.2277,2638249
20200817-134500.000,0,1234,3379.75,3380.75,3379.25,3379.5,2289,3379.89635211883,1186,1103,0.2276,2638249
20200817-134600.000,0,1250,3379.5,3380,3379,3379.75,2327,3379.44821658788,1259,1068,0.2279,2638249
20200817-134700.000,0,921,3379.5,3379.75,3379,3379,1385,3379.48826714801,777,608,0.2281,2638249
20200817-134800.000,0,944,3379.25,3380,3379,3379.5,1673,3379.46413628213,776,897,0.2281,2638249
20200817-134900.000,0,973,3379.5,3380,3379.25,3379.25,1595,3379.55438871473,770,825,0.2278,2638249
20200817-135000.000,0,710,3379.25,3379.75,3379,3379.5,1268,3379.42152996845,666,602,0.2279,2638249
20200817-135100.000,0,1102,3379.5,3380.25,3379.25,3379.75,2002,3379.73039460539,930,1072,0.2276,2638249
20200817-135200.000,0,1170,3380,3380.5,3378.75,3378.75,2167,3379.70719889248,1295,872,0.2274,2638249
20200817-135300.000,0,1423,3379,3379.5,3378.25,3379,2766,3378.74114244396,1404,1362,0.2277,2638249
20200817-135400.000,0,898,3379.25,3379.5,3378.5,3378.5,1563,3378.81285988484,1010,553,0.2275,2638249
20200817-135500.000,0,767,3378.5,3379,3378,3378,1309,3378.54430863254,688,621,0.2276,2638249
20200817-135600.000,0,1338,3378.25,3378.75,3377.5,3377.75,2500,3377.9582,1286,1214,0.2278,2638249
20200817-135700.000,0,843,3377.75,3377.75,3377,3377.5,1913,3377.43112911657,1095,818,0.2278,2638249
20200817-135800.000,0,1018,3377.25,3378.75,3377,3378.5,1829,3377.9697922362,635,1194,0.2279,2638249
20200817-135900.000,0,835,3378.5,3378.5,3377.5,3378,1470,3378.02142857143,819,651,0.2275,2638249
20200817-140000.000,0,959,3378,3379,3377.75,3378.25,1801,3378.39519711272,797,1004,0.2274,2638249
20200817-140100.000,0,931,3378.25,3379,3377.75,3378.25,1628,3378.31127149877,755,873,0.2272,2638249
20200817-140200.000,0,1513,3378.25,3378.25,3376.75,3377,2956,3377.35707036536,1641,1315,0.2272,2638249
20200817-140300.000,0,1639,3377.25,3377.5,3376,3376.5,3097,3376.60502098805,1826,1271,0.2274,2638249
20200817-140400.000,0,827,3376.5,3377.25,3376,3377.25,1487,3376.71755211836,647,840,0.228,2638249
20200817-140500.000,0,1276,3377.25,3377.25,3375.75,3376,2345,3376.50415778252,1279,1066,0.2276,2638249
20200817-140600.000,0,879,3376.25,3376.5,3376,3376.5,1528,3376.27895942408,618,910,0.2279,2638249
20200817-140700.000,0,586,3376.25,3376.5,3376,3376.25,1031,3376.32153249273,527,504,0.2279,2638249
20200817-140800.000,0,679,3376.25,3377,3375.75,3376.25,1173,3376.30861040068,593,580,0.2279,2638249
20200817-140900.000,0,833,3376.25,3376.5,3376,3376.25,1660,3376.30888554217,867,793,0.228,2638249
20200817-141000.000,0,887,3376.5,3377,3376.25,3376.75,1858,3376.58113562971,835,1023,0.2281,2638249
20200817-141100.000,0,812,3376.75,3376.75,3376,3376.25,1617,3376.40120593692,986,631,0.2282,2638249
20200817-141200.000,0,1076,3376.25,3376.5,3375.75,3376.25,2435,3376.07556468173,1350,1085,0.2283,2638249
20200817-141300.000,0,541,3376.25,3377,3376,3376.75,973,3376.36742034944,494,479,0.2284,2638249
20200817-141400.000,0,778,3376.5,3376.75,3375.75,3376,1815,3376.21404958678,954,861,0.2284,2638249
20200817-141500.000,0,1354,3376,3376.5,3375.25,3376.5,2664,3375.7271021021,1417,1247,0.2287,2638249
20200817-141600.000,0,629,3376.5,3376.5,3375.75,3375.75,1177,3376.10344095157,612,565,0.2286,2638249
20200817-141700.000,0,779,3375.75,3376.25,3375.25,3375.25,1462,3375.72537619699,734,728,0.2287,2638249
20200817-141800.000,0,1076,3375.5,3375.5,3375,3375,2160,3375.13784722222,1198,962,0.2286,2638249
20200817-141900.000,0,1260,3375.25,3375.25,3374,3374.25,2557,3374.52463824795,1543,1014,0.2289,2638249
20200817-142000.000,0,1254,3374.5,3375.5,3374.25,3375.25,2730,3374.8456043956,1122,1608,0.2293,2638249
20200817-142100.000,0,781,3375.25,3375.75,3375,3375.5,1602,3375.3336454432,700,902,0.2292,2638249
20200817-142200.000,0,1056,3375.75,3376.5,3375.5,3376.5,2500,3375.9879,1030,1470,0.229,2638249
20200817-142300.000,0,750,3376.5,3377.25,3376,3377.25,1765,3376.50779036827,848,917,0.2285,2638249
20200817-142400.000,0,848,3377.25,3378,3377,3378,1645,3377.4094224924,780,865,0.2283,2638249
20200817-142500.000,0,1267,3377.75,3379,3377.75,3378.25,2814,3378.49182658138,1412,1402,0.2281,2638249
20200817-142600.000,0,784,3378.25,3378.5,3377.75,3378.25,1792,3378.119140625,842,950,0.2279,2638249
20200817-142700.000,0,594,3378.25,3378.25,3377.5,3377.75,1147,3378.00152571927,538,609,0.228,2638249
20200817-142800.000,0,548,3377.5,3377.75,3377.5,3377.75,1060,3377.69150943396,465,595,0.2283,2638249
20200817-142900.000,0,514,3377.75,3378.5,3377.75,3378.5,1000,3378.04825,467,533,0.228,2638249
20200817-143000.000,0,1013,3378.5,3379.25,3378.5,3378.75,2024,3378.88006422925,821,1203,0.2277,2638249
20200817-143100.000,0,709,3379,3379.25,3378.5,3379,1246,3378.91673354735,456,790,0.2277,2638249
20200817-143200.000,0,736,3379.25,3379.75,3379.25,3379.5,1690,3379.45784023669,668,1022,0.2274,2638249
20200817-143300.000,0,713,3379.5,3380,3379.25,3379.75,1381,3379.5640839971,768,613,0.2274,2638249
20200817-143400.000,0,670,3379.75,3380,3379,3379.5,1486,3379.5635935397,840,646,0.2273,2638249
20200817-143500.000,0,672,3379.5,3379.5,3378.75,3379.25,1713,3379.13543490952,875,838,0.2275,2638249
20200817-143600.000,0,638,3379.25,3379.5,3378.75,3379.25,1398,3379.19045064378,712,686,0.2274,2638249
20200817-143700.000,0,700,3379.25,3379.25,3378.75,3379.25,1576,3379.05409263959,908,668,0.2274,2638249
20200817-143800.000,0,585,3379,3379.5,3379,3379.5,1109,3379.29936880072,418,691,0.2274,2638249
20200817-143900.000,0,795,3379.5,3379.5,3378.25,3378.5,1550,3378.98403225806,876,674,0.2273,2638249
20200817-144000.000,0,821,3378.25,3378.75,3378,3378.25,1963,3378.39289353031,1082,881,0.2276,2638249
20200817-144100.000,0,523,3378.25,3379.25,3378.25,3379.25,1167,3378.80441302485,501,666,0.2275,2638249
20200817-144200.000,0,755,3379.25,3379.75,3379.25,3379.75,1470,3379.52397959184,716,754,0.2273,2638249
20200817-144300.000,0,547,3379.75,3380,3379.25,3379.75,993,3379.65760322256,565,428,0.2273,2638249
20200817-144400.000,0,562,3379.5,3379.75,3379.25,3379.25,1103,3379.59700815956,535,568,0.2273,2638249
20200817-144500.000,0,353,3379.5,3380,3379.25,3379.5,749,3379.73765020027,385,364,0.2273,2638249
20200817-144600.000,0,419,3379.75,3380,3379.5,3379.75,957,3379.7223092999,458,499,0.2272,2638249
20200817-144700.000,0,814,3379.5,3380.5,3379.5,3380,1680,3380.14464285714,670,1010,0.2268,2638249
20200817-144800.000,0,441,3380.25,3380.25,3379.75,3379.75,933,3379.99008574491,517,416,0.2269,2638249
20200817-144900.000,0,518,3379.75,3379.75,3379.25,3379.75,1047,3379.53151862464,601,446,0.2268,2638249
20200817-145000.000,0,1232,3379.5,3380.75,3379.5,3380.5,2621,3380.20335749714,1172,1449,0.227,2638249
20200817-145100.000,0,634,3380.5,3380.75,3380.25,3380.5,1315,3380.46425855513,582,733,0.2267,2638249
20200817-145200.000,0,933,3380.5,3381.75,3380.25,3381.5,2163,3380.99075358299,526,1637,0.2265,2638249
20200817-145300.000,0,930,3381.5,3382,3381.25,3381.5,1962,3381.71585117227,912,1050,0.2263,2638249
20200817-145400.000,0,1425,3381.75,3382.75,3381.75,3382,3007,3382.24509477885,1196,1811,0.2262,2638249
20200817-145500.000,0,737,3382.25,3382.25,3381.25,3381.25,1660,3381.7765060241,1020,640,0.2263,2638249
20200817-145600.000,0,815,3381.25,3381.5,3380.75,3381,1686,3381.00919335706,812,874,0.2266,2638249
20200817-145700.000,0,764,3381.25,3381.75,3380.75,3381,1766,3381.18516421291,982,784,0.2265,2638249
20200817-145800.000,0,1419,3381,3381,3379.75,3380,3097,3380.43994187924,1740,1357,0.2266,2638249
20200817-145900.000,0,978,3380.25,3380.25,3379.5,3379.5,1976,3379.93560222672,955,1021,0.2269,2638249
20200817-150000.000,0,963,3379.5,3379.75,3378.5,3378.75,1938,3379.02747678019,1138,800,0.2269,2638249
20200817-150100.000,0,1585,3378.75,3378.75,3377,3377.25,3477,3377.59778544722,2207,1270,0.2275,2638249
20200817-150200.000,0,1204,3377.5,3378.25,3376.5,3377.75,2604,3377.27179339478,1358,1246,0.2277,2638249
20200817-150300.000,0,920,3378,3378.25,3377.25,3377.75,1843,3377.75203472599,1015,828,0.2272,2638249
20200817-150400.000,0,624,3378,3378,3377.25,3377.5,1270,3377.56594488189,528,742,0.2272,2638249
20200817-150500.000,0,947,3377.75,3377.75,3376.75,3377,2411,3377.16974284529,1434,977,0.2274,2638249
20200817-150600.000,0,709,3377.25,3377.75,3376.75,3377.25,2001,3377.40729635182,882,1119,0.2274,2638249
20200817-150700.000,0,449,3377.25,3377.5,3377,3377.25,1114,3377.33101436266,651,463,0.2274,2638249
20200817-150800.000,0,530,3377.25,3377.5,3377,3377.5,1166,3377.31882504288,616,550,0.2275,2638249
20200817-150900.000,0,574,3377.25,3377.75,3377.25,3377.5,1495,3377.42224080268,754,741,0.2274,2638249
20200817-151000.000,0,835,3377.75,3378.75,3377.5,3378.25,1861,3378.23602901666,649,1212,0.2274,2638249
20200817-151100.000,0,309,3378.5,3378.5,3378,3378.25,765,3378.42450980392,266,499,0.227,2638249
20200817-151200.000,0,172,3378.25,3378.5,3378.25,3378.25,434,3378.27822580645,343,91,0.2268,2638249
20200817-151300.000,0,766,3378.25,3379.5,3378.25,3379,1630,3379.00904907976,606,1024,0.2268,2638249
20200817-151400.000,0,225,3379,3379.5,3379,3379,424,3379.18808962264,276,148,0.2265,2638249
20200817-151500.000,0,647,3379.25,3379.75,3379,3379.5,1464,3379.36851092896,725,739,0.2265,2638249
20200817-151600.000,0,595,3379.25,3380,3379.25,3379.75,1337,3379.77112939417,616,721,0.2263,2638249
20200817-151700.000,0,379,3379.75,3380.25,3379.75,3380.25,848,3380.02859669811,362,486,0.2261,2638249
20200817-151800.000,0,619,3380,3380.75,3380,3380.25,1433,3380.37491277041,640,793,0.226,2638249
20200817-151900.000,0,242,3380.25,3380.5,3380.25,3380.25,534,3380.27059925094,314,220,0.226,2638249
20200817-152000.000,0,549,3380.25,3380.5,3380.25,3380.25,1288,3380.39557453416,718,570,0.2261,2638249
20200817-152100.000,0,552,3380,3380.5,3379.75,3379.75,1214,3380.14950576606,609,605,0.2261,2638249
20200817-152200.000,0,494,3379.75,3380.5,3379.75,3379.75,1078,3380.05681818182,585,493,0.2263,2638249
20200817-152300.000,0,706,3379.75,3380.25,3379.5,3379.75,1476,3379.84264905149,750,726,0.2263,2638249
20200817-152400.000,0,435,3379.75,3380.25,3379.75,3380,955,3379.91544502618,466,489,0.2264,2638249
20200817-152500.000,0,420,3379.75,3380,3379.5,3379.75,804,3379.80223880597,401,403,0.2265,2638249
20200817-152600.000,0,659,3379.75,3380.25,3379.25,3380,1585,3379.68044164038,599,986,0.2265,2638249
20200817-152700.000,0,1105,3380,3380.75,3379.75,3380.25,3259,3380.48128260203,1061,2198,0.2261,2638249
20200817-152800.000,0,759,3380.25,3381,3380.25,3380.75,1696,3380.51754127359,848,848,0.2261,2638249
20200817-152900.000,0,453,3380.75,3381.25,3380.75,3380.75,949,3380.95732349842,473,476,0.2259,2638249
20200817-153000.000,0,623,3381,3381.25,3380,3380.25,1413,3380.6339348903,753,660,0.2258,2638249
20200817-153100.000,0,425,3380.5,3380.5,3380,3380,907,3380.20259095921,532,375,0.226,2638249
20200817-153200.000,0,906,3380,3380.25,3379,3379,2250,3379.68777777778,1425,825,0.2261,2638249
20200817-153300.000,0,968,3379,3379.5,3378.5,3378.5,2086,3378.96776126558,1143,943,0.2262,2638249
20200817-153400.000,0,1174,3378.75,3378.75,3377.75,3377.75,2418,3378.29218362283,1441,977,0.2266,2638249
20200817-153500.000,0,990,3377.75,3378.75,3377.5,3378.5,2222,3378.14727722772,968,1254,0.2267,2638249
20200817-153600.000,0,555,3378.5,3379,3378.25,3378.25,1256,3378.87738853503,617,639,0.2264,2638249
20200817-153700.000,0,389,3378.25,3378.75,3378.25,3378.5,726,3378.46453168044,397,329,0.2265,2638249
20200817-153800.000,0,546,3378.75,3379,3378.5,3378.75,1087,3378.7502299908,487,600,0.2264,2638249
20200817-153900.000,0,508,3378.5,3378.75,3377.75,3377.75,1094,3378.38231261426,659,435,0.2265,2638249
20200817-154000.000,0,1232,3377.75,3379.25,3377.25,3379,2603,3378.29984633116,1188,1415,0.2264,2638249
20200817-154100.000,0,504,3378.75,3379,3377.75,3378,1106,3378.47106690778,629,477,0.2267,2638249
20200817-154200.000,0,897,3378,3378,3377,3377.75,2204,3377.29968239564,1198,1006,0.2267,2638249
20200817-154300.000,0,701,3378,3378.5,3377.75,3377.75,1401,3378.06406138473,715,686,0.2272,2638249
20200817-154400.000,0,989,3378,3378,3376.75,3376.75,1954,3377.47863357216,1232,722,0.227,2638249
20200817-154500.000,0,837,3376.75,3377.25,3376.5,3377,1560,3376.89967948718,818,742,0.2273,2638249
20200817-154600.000,0,366,3377.25,3377.75,3377,3377.5,740,3377.36554054054,385,355,0.2272,2638249
20200817-154700.000,0,213,3377.25,3377.75,3377.25,3377.5,386,3377.47668393782,192,194,0.2271,2638249
20200817-154800.000,0,552,3377.5,3378,3377.25,3378,1089,3377.67791551882,544,545,0.2272,2638249
20200817-154900.000,0,372,3377.75,3378.25,3377.75,3377.75,692,3377.85693641619,365,327,0.227,2638249
20200817-155000.000,0,461,3378,3378,3377,3377.25,858,3377.44347319347,477,381,0.2269,2638249
20200817-155100.000,0,256,3377.25,3377.75,3377.25,3377.75,663,3377.46945701358,204,459,0.227,2638249
20200817-155200.000,0,574,3377.5,3378.25,3377.5,3378.25,1259,3377.9384432089,446,813,0.2269,2638249
20200817-155300.000,0,485,3378.25,3378.5,3377.75,3378.25,1023,3378.14760508309,486,537,0.2268,2638249
20200817-155400.000,0,269,3378.25,3378.5,3378,3378.25,487,3378.25564681725,263,224,0.2268,2638249
20200817-155500.000,0,385,3378.5,3378.75,3378,3378.5,705,3378.37446808511,281,424,0.2265,2638249
20200817-155600.000,0,398,3378.75,3379,3378.25,3378.5,777,3378.62033462034,383,394,0.2262,2638249
20200817-155700.000,0,328,3378.5,3378.75,3378.25,3378.5,568,3378.45334507042,309,259,0.2264,2638249
20200817-155800.000,0,178,3378.75,3379,3378.5,3378.75,308,3378.8125,113,195,0.2263,2638249
20200817-155900.000,0,402,3379,3379.5,3378.75,3379.5,815,3379.0536809816,312,503,0.2262,2638249
20200817-160000.000,0,497,3379.5,3379.75,3379.25,3379.25,1023,3379.57966764418,476,547,0.2258,2638249
20200817-160100.000,0,392,3379.5,3380,3379.25,3379.5,871,3379.66733639495,378,493,0.2259,2638249
20200817-160200.000,0,233,3379.5,3379.75,3379.5,3379.75,541,3379.61229205176,296,245,0.2256,2638249
20200817-160300.000,0,412,3379.75,3379.75,3379.5,3379.5,948,3379.62948312236,539,409,0.2256,2638249
20200817-160400.000,0,365,3379.5,3379.75,3379.25,3379.25,795,3379.54748427673,496,299,0.2254,2638249
20200817-160500.000,0,290,3379.5,3379.5,3379,3379.25,539,3379.2314471243,336,203,0.2253,2638249
20200817-160600.000,0,238,3379.5,3379.5,3379,3379.25,493,3379.27738336714,231,262,0.2252,2638249
20200817-160700.000,0,384,3379.25,3379.5,3378.75,3378.75,858,3379.15675990676,402,456,0.2252,2638249
20200817-160800.000,0,667,3378.75,3379,3377.75,3378,1476,3378.22035907859,994,482,0.2256,2638249
20200817-160900.000,0,290,3378,3378.5,3377.75,3378.5,622,3378.17966237942,177,445,0.2256,2638249
20200817-161000.000,0,461,3378.25,3378.75,3377.75,3377.75,895,3378.39525139665,480,415,0.2254,2638249
20200817-161100.000,0,418,3377.75,3378,3377,3377.25,851,3377.48119858989,553,298,0.2256,2638249
20200817-161200.000,0,286,3377.25,3377.5,3377,3377.25,573,3377.28490401396,372,201,0.2256,2638249
20200817-161300.000,0,241,3377.5,3377.75,3377,3377.25,531,3377.4209039548,302,229,0.2257,2638249
20200817-161400.000,0,278,3377.25,3377.75,3377,3377.75,620,3377.38024193548,158,462,0.2258,2638249
20200817-161500.000,0,351,3377.75,3378.5,3377.75,3378,789,3378.17300380228,435,354,0.2258,2638249
20200817-161600.000,0,417,3378.25,3378.25,3377.25,3377.25,969,3377.54231166151,598,371,0.2257,2638249
20200817-161700.000,0,231,3377.5,3377.75,3377.25,3377.5,611,3377.39852700491,309,302,0.2259,2638249
20200817-161800.000,0,275,3377.75,3378,3377.5,3377.75,575,3377.5952173913,352,223,0.2257,2638249
20200817-161900.000,0,288,3377.5,3378,3377.25,3377.75,585,3377.70170940171,311,274,0.2257,2638249
20200817-162000.000,0,118,3377.5,3377.75,3377.25,3377.75,215,3377.5976744186,127,88,0.2257,2638249
20200817-162100.000,0,258,3377.5,3377.75,3377,3377.25,545,3377.33440366973,371,174,0.2257,2638249
20200817-162200.000,0,216,3377.25,3377.75,3377.25,3377.25,430,3377.48953488372,179,251,0.2256,2638249
20200817-162300.000,0,234,3377.25,3377.75,3377.25,3377.75,467,3377.56745182013,194,273,0.2256,2638249
20200817-162400.000,0,511,3377.75,3378.25,3377.75,3378.25,1178,3377.9265704584,483,695,0.2256,2638249
20200817-162500.000,0,385,3378.25,3378.75,3378.25,3378.25,819,3378.46581196581,310,509,0.2252,2638249
20200817-162600.000,0,255,3378.5,3378.5,3378,3378.25,435,3378.31034482759,213,222,0.2252,2638249
20200817-162700.000,0,274,3378.25,3378.5,3377.75,3378,538,3378.07202602231,345,193,0.2251,2638249
20200817-162800.000,0,261,3377.75,3378,3377.5,3377.75,596,3377.73573825503,217,379,0.2254,2638249
20200817-162900.000,0,272,3377.75,3378.25,3377.75,3377.75,584,3378.0261130137,214,370,0.2252,2638249
20200817-163000.000,0,512,3377.75,3378.25,3377.75,3378.25,1132,3378.02164310954,567,565,0.2251,2638249
20200817-163100.000,0,308,3378.25,3378.5,3378,3378.5,645,3378.38217054264,270,375,0.2249,2638249
20200817-163200.000,0,262,3378.25,3378.5,3378,3378.25,482,3378.40352697095,257,225,0.2249,2638249
20200817-163300.000,0,373,3378.25,3378.75,3378.25,3378.5,713,3378.51788218794,293,420,0.2249,2638249
20200817-163400.000,0,226,3378.75,3378.75,3378.25,3378.75,384,3378.52408854167,161,223,0.2249,2638249
20200817-163500.000,0,841,3378.75,3379,3378,3378.25,1847,3378.44883595019,1204,643,0.2249,2638249
20200817-163600.000,0,270,3378.25,3378.75,3378.25,3378.75,475,3378.68157894737,208,267,0.225,2638249
20200817-163700.000,0,119,3378.5,3379,3378.5,3378.75,179,3378.78351955307,78,101,0.225,2638249
20200817-163800.000,0,236,3379,3379.25,3378.75,3379,533,3378.96575984991,214,319,0.225,2638249
20200817-163900.000,0,295,3379,3379.5,3379,3379.25,675,3379.20074074074,247,428,0.225,2638249
20200817-164000.000,0,409,3379.5,3379.5,3378.75,3379,1018,3379.08202357564,558,460,0.2249,2638249
20200817-164100.000,0,439,3379,3379,3378.5,3379,927,3378.92637540453,453,474,0.2249,2638249
20200817-164200.000,0,242,3379.25,3379.5,3379,3379.5,488,3379.2612704918,187,301,0.225,2638249
20200817-164300.000,0,598,3379.25,3379.75,3379.25,3379.25,1334,3379.54628935532,590,744,0.225,2638249
20200817-164400.000,0,431,3379.5,3380,3379.5,3379.5,803,3379.71419676214,328,475,0.2247,2638249
20200817-164500.000,0,252,3379.75,3379.75,3379.5,3379.75,457,3379.63457330416,254,203,0.2247,2638249
20200817-164600.000,0,592,3380,3380.75,3379.75,3380.5,1328,3380.34864457831,514,814,0.2246,2638249
20200817-164700.000,0,382,3380.5,3380.75,3380.25,3380.75,1080,3380.59675925926,263,817,0.2244,2638249
20200817-164800.000,0,367,3380.75,3381,3380.5,3380.5,803,3380.74844333748,428,375,0.2242,2638249
20200817-164900.000,0,446,3380.5,3381,3380.5,3380.75,944,3380.76456567797,502,442,0.2242,2638249
20200817-165000.000,0,475,3381,3381.25,3380.5,3381,1104,3380.84261775362,476,628,0.2242,2638249
20200817-165100.000,0,253,3380.75,3381.25,3380.75,3381.25,554,3381.00676895307,173,381,0.2242,2638249
20200817-165200.000,0,398,3381.25,3381.25,3380.75,3381.25,896,3381.03041294643,450,446,0.2241,2638249
20200817-165300.000,0,409,3381,3381,3380.5,3380.75,977,3380.77661207779,451,526,0.2244,2638249
20200817-165400.000,0,255,3380.5,3381,3380.5,3380.75,555,3380.85900900901,229,326,0.2244,2638249
20200817-165500.000,0,294,3381,3381,3380.75,3380.75,636,3380.85259433962,342,294,0.2242,2638249
20200817-165600.000,0,352,3380.75,3380.75,3380.5,3380.75,663,3380.66025641026,303,360,0.2243,2638249
20200817-165700.000,0,192,3380.75,3381,3380.5,3380.5,394,3380.77347715736,278,116,0.2243,2638249
20200817-165800.000,0,437,3380.75,3381,3380.5,3380.75,940,3380.75079787234,412,528,0.2243,2638249
20200817-165900.000,0,236,3380.5,3380.75,3380.5,3380.5,605,3380.52561983471,366,239,0.2243,2638249
20200817-170000.000,0,462,3380.75,3380.75,3380.25,3380.25,1022,3380.42954990215,603,419,0.2245,2638249
20200817-170100.000,0,245,3380.25,3380.75,3380,3380.5,625,3380.4176,276,349,0.2245,2638249
20200817-170200.000,0,240,3380.5,3381,3380.5,3380.75,598,3380.64632107023,369,229,0.2245,2638249
20200817-170300.000,0,282,3380.75,3380.75,3380.5,3380.5,669,3380.70926756353,333,336,0.2246,2638249
20200817-170400.000,0,172,3380.75,3380.75,3380.25,3380.5,408,3380.5012254902,187,221,0.2246,2638249
20200817-170500.000,0,386,3380.75,3380.75,3380,3380.25,781,3380.49551856594,444,337,0.2246,2638249
20200817-170600.000,0,314,3380.5,3380.5,3380,3380,661,3380.29236006051,359,302,0.2245,2638249
20200817-170700.000,0,98,3380,3380.5,3380,3380.5,179,3380.25837988827,90,89,0.2247,2638249
20200817-170800.000,0,205,3380.5,3380.5,3380.25,3380.5,399,3380.26817042607,202,197,0.2245,2638249
20200817-170900.000,0,154,3380.25,3380.5,3380.25,3380.5,329,3380.44376899696,127,202,0.2245,2638249
20200817-171000.000,0,227,3380.25,3380.5,3380,3380.5,541,3380.31515711645,299,242,0.2245,2638249
20200817-171100.000,0,306,3380.5,3380.5,3380.25,3380.5,596,3380.35318791946,211,385,0.2245,2638249
20200817-171200.000,0,268,3380.5,3380.5,3380.25,3380.5,761,3380.33607095926,466,295,0.2244,2638249
20200817-171300.000,0,460,3380.5,3381,3380.5,3380.75,1156,3380.73442906574,579,577,0.2244,2638249
20200817-171400.000,0,349,3380.75,3380.75,3380.5,3380.75,791,3380.65233881163,438,353,0.2246,2638249
20200817-171500.000,0,346,3380.75,3381.25,3380.75,3380.75,653,3380.98047473201,340,313,0.2246,2638249
20200817-171600.000,0,263,3380.75,3381,3380.75,3381,519,3380.89354527938,268,251,0.2246,2638249
20200817-171700.000,0,334,3380.75,3381,3380.25,3380.5,801,3380.5936329588,406,395,0.2247,2638249
20200817-171800.000,0,169,3380.5,3380.75,3380.5,3380.75,356,3380.64325842697,158,198,0.2248,2638249
20200817-171900.000,0,108,3380.75,3380.75,3380.5,3380.75,191,3380.73036649215,56,135,0.2249,2638249
20200817-172000.000,0,269,3380.75,3380.75,3380,3380.5,514,3380.33414396887,283,231,0.2249,2638249
20200817-172100.000,0,154,3380.5,3380.5,3380,3380.25,282,3380.24379432624,160,122,0.2249,2638249
20200817-172200.000,0,374,3380.25,3380.25,3379.75,3379.75,914,3380.01969365427,592,322,0.225,2638249
20200817-172300.000,0,217,3380,3380.25,3379.75,3380.25,438,3379.9600456621,192,246,0.2249,2638249
20200817-172400.000,0,206,3380.25,3380.5,3380,3380.25,407,3380.23894348894,208,199,0.2249,2638249
20200817-172500.000,0,159,3380.25,3380.5,3380,3380.25,301,3380.24252491694,113,188,0.2249,2638249
20200817-172600.000,0,256,3380,3380.5,3380,3380.5,582,3380.29037800687,188,394,0.225,2638249
20200817-172700.000,0,348,3380.5,3380.5,3380,3380.25,649,3380.26001540832,348,301,0.225,2638249
20200817-172800.000,0,292,3380,3380.25,3379.5,3379.5,546,3379.79624542125,355,191,0.2249,2638249
20200817-172900.000,0,498,3379.5,3380,3379.25,3379.75,984,3379.64354674797,474,510,0.2253,2638249
20200817-173000.000,0,445,3380,3380.5,3379.75,3380.25,952,3380.13051470588,402,550,0.2251,2638249
20200817-173100.000,0,243,3380.25,3380.25,3379.75,3380.25,434,3380.13248847926,226,208,0.2251,2638249
20200817-173200.000,0,162,3380,3380.75,3380,3380.75,296,3380.41891891892,97,199,0.2251,2638249
20200817-173300.000,0,355,3380.75,3381,3380.5,3380.75,780,3380.61057692308,342,438,0.2249,2638249
20200817-173400.000,0,349,3380.75,3381,3380.5,3380.75,683,3380.67166910688,341,342,0.225,2638249
20200817-173500.000,0,360,3381,3381,3380,3380.75,644,3380.53144409938,320,324,0.225,2638249
20200817-173600.000,0,274,3380.75,3380.75,3380.25,3380.5,483,3380.39906832298,274,209,0.225,2638249
20200817-173700.000,0,235,3380.25,3380.5,3380.25,3380.5,450,3380.31055555556,227,223,0.2248,2638249
20200817-173800.000,0,527,3380.5,3380.5,3379.75,3380,1005,3380.23905472637,502,503,0.2248,2638249
20200817-173900.000,0,190,3380.25,3380.5,3380,3380.5,388,3380.18041237113,215,173,0.2248,2638249
20200817-174000.000,0,452,3380.25,3380.75,3380,3380.75,1069,3380.53391019645,517,552,0.2248,2638249
20200817-174100.000,0,60,3380.5,3380.75,3380.5,3380.5,137,3380.56204379562,69,68,0.2249,2638249
20200817-174200.000,0,253,3380.5,3380.75,3380.5,3380.75,547,3380.73720292505,283,264,0.2248,2638249
20200817-174300.000,0,220,3380.75,3380.75,3380.25,3380.5,578,3380.51773356401,326,252,0.2248,2638249
20200817-174400.000,0,189,3380.5,3380.75,3380.5,3380.5,365,3380.50890410959,215,150,0.2247,2638249
20200817-174500.000,0,102,3380.75,3380.75,3380.25,3380.5,254,3380.5718503937,127,127,0.2246,2638249
20200817-174600.000,0,217,3380.25,3380.5,3380.25,3380.5,450,3380.35944444444,209,241,0.2245,2638249
20200817-174700.000,0,233,3380.5,3380.5,3380,3380.25,522,3380.32902298851,242,280,0.2244,2638249
20200817-174800.000,0,76,3380.25,3380.5,3380.25,3380.25,148,3380.27195945946,86,62,0.2244,2638249
20200817-174900.000,0,127,3380.25,3380.5,3380,3380,334,3380.36676646707,140,194,0.2243,2638249
20200817-175000.000,0,90,3380,3380.25,3380,3380,232,3380.23168103448,17,215,0.2244,2638249
20200817-175100.000,0,133,3380,3380,3379.75,3380,371,3379.99123989218,191,180,0.2244,2638249
20200817-175200.000,0,239,3380,3380,3379.75,3380,549,3379.79052823315,282,267,0.2243,2638249
20200817-175300.000,0,231,3380,3380,3379.5,3379.75,560,3379.72366071429,189,371,0.2244,2638249
20200817-175400.000,0,172,3379.75,3380,3379.5,3379.5,397,3379.7556675063,199,198,0.2244,2638249
20200817-175500.000,0,494,3379.5,3379.5,3379,3379.25,1106,3379.27305605787,676,430,0.2247,2638249
20200817-175600.000,0,206,3379,3379.5,3379,3379.25,505,3379.24257425743,193,312,0.2248,2638249
20200817-175700.000,0,268,3379.25,3379.75,3379.25,3379.5,592,3379.48859797297,236,356,0.2248,2638249
20200817-175800.000,0,299,3379.5,3380,3379.25,3379.75,612,3379.65604575163,260,352,0.2247,2638249
20200817-175900.000,0,179,3379.75,3380,3379.5,3379.75,413,3379.74878934625,242,171,0.2247,2638249
20200817-180000.000,0,605,3380,3380,3379.5,3380,1469,3379.8408781484,558,911,0.2244,2638249
20200817-180100.000,0,712,3379.75,3380.75,3379.75,3380.25,1744,3380.38016055046,645,1099,0.2244,2638249
20200817-180200.000,0,436,3380,3380,3379.5,3379.75,975,3379.87102564103,451,524,0.2245,2638249
20200817-180300.000,0,331,3379.75,3379.75,3379.5,3379.75,766,3379.56396866841,285,481,0.2247,2638249
20200817-180400.000,0,225,3379.75,3380.25,3379.25,3379.5,467,3379.75321199144,248,219,0.2245,2638249
20200817-180500.000,0,433,3379.5,3379.5,3379,3379.25,910,3379.37335164835,387,523,0.2247,2638249
20200817-180600.000,0,364,3379.5,3379.75,3379,3379.25,783,3379.36494252874,326,457,0.2247,2638249
20200817-180700.000,0,362,3379.25,3379.5,3379,3379.5,776,3379.36018041237,365,411,0.2247,2638249
20200817-180800.000,0,405,3379.75,3379.75,3379.25,3379.5,800,3379.4109375,419,381,0.2245,2638249
20200817-180900.000,0,461,3379.5,3380,3379.25,3379.5,825,3379.62212121212,343,482,0.2243,2638249
20200817-181000.000,0,289,3379.5,3380,3379.25,3379.25,532,3379.56719924812,253,279,0.2243,2638249
20200817-181100.000,0,334,3379.5,3379.75,3379,3379.5,642,3379.31386292835,292,350,0.2243,2638249
20200817-181200.000,0,562,3379.25,3380.25,3379.25,3379.5,1065,3379.77582159624,441,624,0.2243,2638249
20200817-181300.000,0,224,3379.75,3379.75,3379.5,3379.5,406,3379.58990147783,253,153,0.2242,2638249
20200817-181400.000,0,177,3379.5,3380.25,3379.5,3380,346,3379.91112716763,145,201,0.2243,2638249
20200817-181500.000,0,384,3380,3380.5,3379.75,3380,756,3380.12202380952,347,409,0.2241,2638249
20200817-181600.000,0,328,3380,3380.25,3379.75,3380,626,3379.99600638978,328,298,0.2243,2638249
20200817-181700.000,0,288,3380.25,3380.25,3379.75,3380.25,620,3379.95766129032,353,267,0.2242,2638249
20200817-181800.000,0,238,3380,3380.25,3380,3380,630,3380.22222222222,296,334,0.224,2638249
20200817-181900.000,0,219,3380,3380.25,3380,3380,510,3380.1431372549,272,238,0.2242,2638249
20200817-182000.000,0,414,3380,3380.25,3379.5,3379.75,861,3379.88617886179,327,534,0.2242,2638249
20200817-182100.000,0,345,3380,3380.25,3379.75,3380.25,710,3379.94753521127,320,390,0.2242,2638249
20200817-182200.000,0,571,3380,3381,3380,3380.75,1233,3380.61415247364,482,751,0.2242,2638249
20200817-182300.000,0,343,3380.5,3380.75,3380.5,3380.75,750,3380.72133333333,301,449,0.2238,2638249
20200817-182400.000,0,159,3380.75,3380.75,3380.25,3380.75,551,3380.44283121597,375,176,0.2237,2638249
20200817-182500.000,0,236,3380.75,3381,3380.25,3380.5,623,3380.66091492777,345,278,0.2236,2638249
20200817-182600.000,0,281,3380.5,3380.75,3380,3380.25,621,3380.33132045089,406,215,0.2236,2638249
20200817-182700.000,0,642,3380.25,3380.25,3380,3380,1434,3380.0789748954,817,617,0.224,2638249
20200817-182800.000,0,303,3380,3380.25,3379.75,3380,637,3379.88383045526,326,311,0.2241,2638249
20200817-182900.000,0,268,3380,3380.25,3379.75,3380,634,3379.97870662461,261,373,0.2243,2638249
20200817-183000.000,0,719,3380,3380.5,3379.75,3380.25,1660,3380.1359939759,722,938,0.2239,2638249
20200817-183100.000,0,216,3380.25,3380.75,3380.25,3380.5,403,3380.4658808933,174,229,0.2239,2638249
20200817-183200.000,0,308,3380.5,3380.75,3380.25,3380.25,668,3380.6126497006,393,275,0.2237,2638249
20200817-183300.000,0,260,3380.5,3380.5,3380.25,3380.5,578,3380.30709342561,356,222,0.2238,2638249
20200817-183400.000,0,519,3380.25,3380.75,3380.25,3380.5,944,3380.48411016949,478,466,0.2237,2638249
20200817-183500.000,0,362,3380.5,3380.5,3380.25,3380.25,772,3380.45757772021,305,467,0.2235,2638249
20200817-183600.000,0,174,3380.25,3380.5,3380.25,3380.5,389,3380.28663239075,234,155,0.2235,2638249
20200817-183700.000,0,433,3380.5,3380.75,3380.25,3380.25,954,3380.44680293501,467,487,0.2235,2638249
20200817-183800.000,0,242,3380.25,3380.5,3380.25,3380.25,801,3380.33489388265,511,290,0.2235,2638249
20200817-183900.000,0,151,3380.5,3380.5,3380.25,3380.5,440,3380.35454545455,294,146,0.2235,2638249
20200817-184000.000,0,298,3380.5,3380.5,3379.75,3379.75,782,3380.12180306905,544,238,0.2234,2638249
20200817-184100.000,0,532,3379.75,3380.25,3379.25,3380,1218,3379.75287356322,696,522,0.2238,2638249
20200817-184200.000,0,419,3380,3380.25,3380,3380,1232,3380.01887175325,751,481,0.2236,2638249
20200817-184300.000,0,350,3380.25,3380.25,3380,3380,916,3380.07887554585,551,365,0.2234,2638249
20200817-184400.000,0,223,3380,3380.25,3380,3380,694,3380.015129683,535,159,0.2234,2638249
20200817-184500.000,0,350,3380.25,3380.25,3379.5,3379.5,871,3379.74942594719,519,352,0.2235,2638249
20200817-184600.000,0,435,3379.5,3379.75,3379.25,3379.25,791,3379.46997471555,457,334,0.2235,2638249
20200817-184700.000,0,325,3379.25,3379.5,3379,3379,657,3379.23858447489,325,332,0.2235,2638249
20200817-184800.000,0,588,3379,3379,3378.5,3378.5,1285,3378.78385214008,734,551,0.224,2638249
20200817-184900.000,0,646,3378.5,3378.75,3378,3378,1470,3378.40306122449,845,625,0.224,2638249
20200817-185000.000,0,346,3378,3378.5,3378,3378.5,769,3378.26202860858,282,487,0.2239,2638249
20200817-185100.000,0,393,3378.5,3378.75,3378.25,3378.5,835,3378.47634730539,274,561,0.2239,2638249
20200817-185200.000,0,530,3378.5,3378.5,3378,3378,1203,3378.18827930175,602,601,0.224,2638249
20200817-185300.000,0,480,3378,3378.25,3377.5,3378,1002,3377.7871756487,506,496,0.2241,2638249
20200817-185400.000,0,354,3378,3378.25,3377.75,3378,862,3377.99303944316,534,328,0.2241,2638249
20200817-185500.000,0,438,3377.75,3378.75,3377.75,3378.75,966,3378.31495859213,296,670,0.2241,2638249
20200817-185600.000,0,591,3378.75,3379,3378.5,3379,1239,3378.88579499596,466,773,0.2237,2638249
20200817-185700.000,0,471,3379,3379,3378.5,3378.75,1014,3378.79585798817,557,457,0.2233,2638249
20200817-185800.000,0,369,3379,3379,3378.5,3378.5,731,3378.79719562244,328,403,0.2232,2638249
20200817-185900.000,0,490,3378.5,3378.75,3378.25,3378.5,1081,3378.50832562442,475,606,0.2234,2638249
20200817-190000.000,0,313,3378.5,3379,3378.5,3379,620,3378.73548387097,281,339,0.2234,2638249
20200817-190100.000,0,550,3378.75,3378.75,3378,3378.5,1242,3378.41404991948,729,513,0.2234,2638249
20200817-190200.000,0,174,3378.75,3378.75,3378,3378,578,3378.31141868512,393,185,0.2236,2638249
20200817-190300.000,0,681,3378.25,3378.5,3377.5,3377.5,1487,3378.011600538,800,687,0.2234,2638249
20200817-190400.000,0,599,3377.5,3378,3377,3377,1126,3377.54973357016,550,576,0.2235,2638249
20200817-190500.000,0,543,3377,3377.75,3377,3377.5,1117,3377.32206803939,501,616,0.2236,2638249
20200817-190600.000,0,431,3377.5,3377.75,3377,3377.5,1013,3377.44076999013,297,716,0.2239,2638249
20200817-190700.000,0,877,3377.5,3377.5,3376.25,3376.75,1776,3376.69693130631,1126,650,0.2241,2638249
20200817-190800.000,0,1148,3376.5,3376.75,3376,3376,2674,3376.32731862379,1262,1412,0.2241,2638249
20200817-190900.000,0,606,3376.25,3376.5,3376,3376.5,1651,3376.23606904906,811,840,0.2245,2638249
20200817-191000.000,0,732,3376.5,3376.5,3375.75,3375.75,1530,3376.2364379085,726,804,0.2246,2638249
20200817-191100.000,0,726,3375.75,3376.25,3375.5,3375.75,1420,3375.89683098592,578,842,0.2247,2638249
20200817-191200.000,0,1168,3376,3376.25,3375.25,3375.75,3163,3375.83101485931,1851,1312,0.2244,2638249
20200817-191300.000,0,602,3375.5,3376,3375.25,3375.75,1751,3375.575385494,797,954,0.2248,2638249
20200817-191400.000,0,214,3375.75,3376,3375.75,3375.75,463,3375.78347732181,203,260,0.2247,2638249
20200817-191500.000,0,577,3375.75,3376.25,3375.25,3375.5,1380,3375.7027173913,664,716,0.2249,2638249
20200817-191600.000,0,651,3375.5,3376.75,3375.5,3376.75,1416,3376.20180084746,486,930,0.2247,2638249
20200817-191700.000,0,528,3377,3377,3376.25,3377,1248,3376.75180288462,586,662,0.2247,2638249
20200817-191800.000,0,558,3377,3377.5,3376.75,3377.25,1252,3376.96645367412,580,672,0.2242,2638249
20200817-191900.000,0,658,3377.25,3377.75,3377.25,3377.75,1565,3377.59888178914,632,933,0.2243,2638249
20200817-192000.000,0,550,3377.5,3378,3377,3377,1285,3377.4392996109,776,509,0.2241,2638249
20200817-192100.000,0,662,3377,3377.25,3376.5,3377,1506,3376.81208499336,818,688,0.2242,2638249
20200817-192200.000,0,725,3376.75,3377.25,3376,3376.75,1542,3376.71092736706,752,790,0.2245,2638249
20200817-192300.000,0,448,3376.5,3377.25,3376.5,3376.75,1055,3376.93104265403,419,636,0.2246,2638249
20200817-192400.000,0,268,3377,3377.25,3376.75,3377,675,3376.99333333333,327,348,0.2244,2638249
20200817-192500.000,0,337,3377,3377.25,3376.75,3377,660,3377.12651515152,288,372,0.2244,2638249
20200817-192600.000,0,148,3377.25,3377.5,3377,3377,361,3377.23268698061,165,196,0.2244,2638249
20200817-192700.000,0,1175,3377.25,3378.5,3377,3377.75,2878,3378.03648366922,1047,1831,0.2245,2638249
20200817-192800.000,0,798,3378,3378.75,3377.75,3378.5,1832,3378.37022379913,716,1116,0.2241,2638249
20200817-192900.000,0,199,3378.5,3378.75,3378.25,3378.5,410,3378.48231707317,241,169,0.224,2638249
20200817-193000.000,0,796,3378.5,3379,3378.25,3379,2041,3378.77780499755,972,1069,0.2236,2638249
20200817-193100.000,0,764,3378.75,3379.5,3378.5,3378.75,1873,3379.02442605446,940,933,0.2233,2638249
20200817-193200.000,0,607,3378.75,3379.5,3378.75,3379,1500,3379.09883333333,679,821,0.2234,2638249
20200817-193300.000,0,441,3379,3379.25,3378.5,3378.5,1073,3378.89282385834,726,347,0.2235,2638249
20200817-193400.000,0,459,3378.5,3379.25,3378.5,3379,1041,3378.76633045149,549,492,0.2235,2638249
20200817-193500.000,0,559,3379,3379.25,3378.5,3379,1235,3378.98016194332,539,696,0.2233,2638249
20200817-193600.000,0,454,3378.75,3379.25,3378.75,3379,966,3378.96480331263,484,482,0.2234,2638249
20200817-193700.000,0,575,3379,3379.75,3378.75,3379.25,1237,3379.36863379143,553,684,0.2234,2638249
20200817-193800.000,0,697,3379.25,3379.75,3379,3379.5,1637,3379.32681734881,679,958,0.2232,2638249
20200817-193900.000,0,466,3379.25,3379.75,3378.75,3378.75,1191,3379.25797649034,590,601,0.2232,2638249
20200817-194000.000,0,341,3378.75,3379.5,3378.75,3379.25,794,3379.125,388,406,0.2231,2638249
20200817-194100.000,0,462,3379.5,3379.75,3379.25,3379.25,1111,3379.43114311431,596,515,0.2228,2638249
20200817-194200.000,0,764,3379.25,3379.75,3379.25,3379.5,1609,3379.39310130516,845,764,0.2228,2638249
20200817-194300.000,0,963,3379.5,3380,3379.25,3379.75,2312,3379.76546280277,1046,1266,0.2225,2638249
20200817-194400.000,0,1235,3379.75,3380.25,3379.75,3379.75,2983,3380.02371773383,1388,1595,0.2221,2638249
20200817-194500.000,0,1308,3379.75,3380.25,3379,3379,2980,3379.53926174497,1538,1442,0.222,2638249
20200817-194600.000,0,1004,3379,3379.75,3378.5,3379.25,2099,3379.1578132444,991,1108,0.2218,2638249
20200817-194700.000,0,592,3379.25,3379.5,3378.75,3379,1261,3379.10685963521,633,628,0.2217,2638249
20200817-194800.000,0,1256,3379,3381,3379,3380.75,3406,3379.99288021139,1326,2080,0.2213,2638249
20200817-194900.000,0,828,3380.75,3380.75,3379.75,3380,2029,3380.33883686545,1028,1001,0.2208,2638249
20200817-195000.000,0,1453,3380,3381,3379.5,3380,3430,3380.2389212828,1308,2122,0.2209,2638249
20200817-195100.000,0,523,3380,3380,3379.5,3379.75,987,3379.59169199595,695,292,0.2209,2638249
20200817-195200.000,0,774,3379.75,3380,3379,3379,1592,3379.55480527638,818,774,0.2211,2638249
20200817-195300.000,0,725,3379.25,3379.75,3379,3379.25,1750,3379.41857142857,883,867,0.2212,2638249
20200817-195400.000,0,1423,3379.25,3379.75,3378.25,3378.75,3387,3378.88906111603,1765,1622,0.2214,2638249
20200817-195500.000,0,2282,3378.5,3379.25,3377.5,3378.75,5149,3378.2809283356,2955,2194,0.2218,2638249
20200817-195600.000,0,1512,3378.75,3378.75,3377.25,3377.5,3416,3377.69825819672,1881,1535,0.2218,2638249
20200817-195700.000,0,1531,3377.5,3378,3376.75,3377.5,3551,3377.36292593636,1702,1849,0.2219,2638249
20200817-195800.000,0,1819,3377.75,3377.75,3376.5,3377.75,4959,3377.12704174229,2509,2450,0.2223,2638249
20200817-195900.000,0,6791,3378,3378.75,3376.75,3378.25,27515,3377.85119934581,13091,14424,0.2221,2638249
20200817-200000.000,0,3780,3378.5,3379.75,3376.5,3377.5,12434,3378.03870435902,5987,6447,0.2221,2638249
20200817-200100.000,0,797,3377.5,3378.25,3377.5,3377.5,1732,3377.76486720554,864,868,0.2218,2638249
20200817-200200.000,0,710,3377.5,3377.75,3376.5,3377,1477,3377.08243060257,738,739,0.2221,2638249
20200817-200300.000,0,427,3376.75,3377.5,3376.75,3377.25,903,3377.15780730897,421,482,0.2221,2638249
20200817-200400.000,0,379,3377.25,3377.5,3377,3377.25,852,3377.2441314554,294,558,0.2219,2638249
20200817-200500.000,0,611,3377,3377.75,3376.75,3377.5,1207,3377.37282518641,498,709,0.2217,2638249
20200817-200600.000,0,362,3377.25,3377.75,3377.25,3377.5,708,3377.62959039548,251,457,0.2212,2638249
20200817-200700.000,0,708,3377.75,3378,3377,3377,1687,3377.57809721399,1022,665,0.2211,2638249
20200817-200800.000,0,535,3377,3377.25,3376.75,3377.25,1181,3376.98941574937,567,614,0.221,2638249
20200817-200900.000,0,379,3377,3377.25,3376.5,3376.75,869,3376.92261219793,490,379,0.221,2638249
20200817-201000.000,0,663,3376.5,3376.75,3375.5,3375.5,1484,3376.10208894879,916,568,0.2212,2638249
20200817-201100.000,0,405,3375.5,3376,3375.5,3376,1190,3375.84012605042,420,770,0.2215,2638249
20200817-201200.000,0,779,3376,3377,3375.75,3376.5,1880,3376.39574468085,767,1113,0.2213,2638249
20200817-201300.000,0,968,3376.5,3378.25,3376.25,3378.25,2308,3377.44757365685,651,1657,0.2208,2638249
20200817-201400.000,0,1976,3378.5,3380.25,3378,3380,5504,3379.48101380814,2493,3011,0.2201,2638249
20200817-203000.000,0,341,3380,3380.75,3379.75,3380.5,886,3380.22968397291,171,355,0.2198,2638249
20200817-203100.000,0,151,3380.75,3380.75,3380.25,3380.75,233,3380.49463519313,125,108,0.2199,2638249
20200817-203200.000,0,160,3380.75,3381,3380.25,3380.75,275,3380.60272727273,142,133,0.2197,2638249
20200817-203300.000,0,139,3380.75,3381,3380.5,3380.75,221,3380.82013574661,66,155,0.2197,2638249
20200817-203400.000,0,166,3380.75,3381,3380.5,3381,329,3380.87158054711,92,237,0.2197,2638249
20200817-203500.000,0,193,3381,3381,3380.25,3381,475,3380.69842105263,282,193,0.2198,2638249
20200817-203600.000,0,81,3381,3381,3380.5,3380.5,145,3380.76551724138,73,72,0.2198,2638249
20200817-203700.000,0,53,3380.5,3380.75,3380.25,3380.5,75,3380.49666666667,70,5,0.2198,2638249
20200817-203800.000,0,70,3380.5,3380.5,3380.25,3380.25,112,3380.31919642857,80,32,0.2198,2638249
20200817-203900.000,0,128,3380.25,3380.5,3379.75,3379.75,213,3380.12089201878,140,73,0.2198,2638249
20200817-204000.000,0,60,3380,3380,3379.75,3379.75,135,3379.78888888889,75,60,0.2199,2638249
20200817-204100.000,0,113,3379.5,3380.25,3379.5,3380.25,186,3379.79569892473,87,99,0.2201,2638249
20200817-204200.000,0,93,3380.25,3380.5,3380,3380.25,139,3380.18345323741,77,62,0.22,2638249
20200817-204300.000,0,13,3380.25,3380.25,3380,3380.25,18,3380.18055555556,5,13,0.22,2638249
20200817-204400.000,0,18,3380,3380.25,3380,3380.25,20,3380.1,12,8,0.2201,2638249
20200817-204500.000,0,80,3380.25,3380.5,3380,3380.25,117,3380.18162393162,32,85,0.2201,2638249
20200817-204600.000,0,108,3380.25,3380.25,3379.75,3380,195,3379.94871794872,88,107,0.2201,2638249
20200817-204700.000,0,123,3379.75,3379.75,3379.5,3379.75,171,3379.60964912281,111,60,0.2201,2638249
20200817-204800.000,0,75,3380,3380,3379.75,3379.75,112,3379.890625,55,57,0.2202,2638249
20200817-204900.000,0,47,3379.5,3380,3379.5,3379.75,58,3379.71120689655,28,30,0.2202,2638249
20200817-205000.000,0,69,3380,3380,3379.25,3379.5,88,3379.53693181818,46,42,0.2203,2638249
20200817-205100.000,0,109,3379.5,3379.5,3379,3379.25,174,3379.22413793103,124,50,0.2203,2638249
20200817-205200.000,0,49,3379.5,3379.75,3379.25,3379.75,59,3379.49152542373,27,32,0.2203,2638249
20200817-205300.000,0,52,3379.75,3379.75,3379.25,3379.25,68,3379.40073529412,60,8,0.2203,2638249
20200817-205400.000,0,67,3379.5,3379.5,3379,3379.25,106,3379.24764150943,72,34,0.2204,2638249
20200817-205500.000,0,137,3379.25,3379.75,3378.75,3379,221,3379.15610859729,95,126,0.2204,2638249
20200817-205600.000,0,49,3379,3379.5,3378.75,3379.25,107,3379.08878504673,20,87,0.2206,2638249
20200817-205700.000,0,31,3379,3379.5,3379,3379.5,35,3379.18571428571,15,20,0.2206,2638249
20200817-205800.000,0,101,3379.25,3379.5,3379,3379.5,156,3379.2483974359,74,82,0.2206,2638249
20200817-205900.000,0,167,3379.25,3379.5,3379,3379.25,305,3379.35491803279,156,149,0.2204,2638249
20200817-220000.000,0,265,3379.25,3379.5,3378.5,3379.25,446,3379.05100896861,208,148,0.2217,2638249
20200817-220100.000,0,86,3379,3379,3378.75,3378.75,137,3378.95802919708,99,38,0.2206,2638249
20200817-220200.000,0,61,3379,3379,3378.5,3378.5,146,3378.90068493151,72,74,0.2204,2638249
20200817-220300.000,0,42,3378.5,3378.5,3378.25,3378.5,72,3378.42708333333,61,11,0.2204,2638249
20200817-220400.000,0,69,3378.25,3378.75,3378.25,3378.5,107,3378.39252336449,73,34,0.2206,2638249
20200817-220500.000,0,54,3378.5,3378.75,3378.5,3378.5,92,3378.6902173913,35,57,0.2207,2638249
20200817-220600.000,0,38,3378.5,3378.5,3378.25,3378.5,71,3378.44718309859,61,10,0.2207,2638249
20200817-220700.000,0,19,3378.5,3378.75,3378.5,3378.75,37,3378.53378378378,1,36,0.2207,2638249
20200817-220800.000,0,17,3378.75,3378.75,3378.5,3378.5,19,3378.53947368421,16,3,0.2207,2638249
20200817-220900.000,0,25,3378.5,3378.5,3378.5,3378.5,31,3378.5,30,1,0.2207,2638249
20200817-221000.000,0,50,3378.5,3378.5,3378,3378,76,3378.28289473684,63,13,0.2207,2638249
20200817-221100.000,0,62,3378,3378.5,3378,3378,89,3378.15168539326,61,28,0.2207,2638249
20200817-221200.000,0,53,3378,3378,3377.75,3378,72,3377.82291666667,51,21,0.2207,2638249
20200817-221300.000,0,28,3378,3378.25,3378,3378,32,3378.015625,16,16,0.2209,2638249
20200817-221400.000,0,11,3377.75,3378,3377.75,3378,12,3377.83333333333,8,4,0.2209,2638249
20200817-221500.000,0,32,3378,3378.25,3378,3378,36,3378.05555555556,8,28,0.221,2638249
20200817-221600.000,0,56,3378,3378,3377.5,3377.75,63,3377.81746031746,49,14,0.2209,2638249
20200817-221700.000,0,27,3377.5,3378,3377.5,3378,27,3377.84259259259,6,21,0.221,2638249
20200817-221800.000,0,16,3378,3378,3377.75,3378,18,3377.94444444444,8,10,0.221,2638249
20200817-221900.000,0,16,3378.25,3378.25,3378.25,3378.25,17,3378.25,5,12,0.221,2638249
20200817-222000.000,0,33,3378.5,3378.5,3378,3378.5,49,3378.27551020408,24,25,0.221,2638249
20200817-222100.000,0,27,3378.5,3378.5,3378.25,3378.25,38,3378.48684210526,3,35,0.221,2638249
20200817-222200.000,0,18,3378.5,3378.5,3378.25,3378.5,19,3378.47368421053,2,17,0.221,2638249
20200817-222300.000,0,2,3378.25,3378.5,3378.25,3378.5,3,3378.33333333333,2,1,0.221,2638249
20200817-222400.000,0,68,3378.5,3379,3378.5,3378.75,91,3378.8021978022,17,74,0.221,2638249
20200817-222500.000,0,26,3379,3379.25,3379,3379,29,3379.04310344828,13,16,0.2207,2638249
20200817-222600.000,0,7,3379,3379.25,3379,3379.25,8,3379.1875,2,6,0.2207,2638249
20200817-222700.000,0,46,3379.25,3379.25,3378.75,3378.75,51,3378.96568627451,43,8,0.2207,2638249
20200817-222800.000,0,7,3378.75,3379,3378.75,3378.75,7,3378.85714285714,4,3,0.2207,2638249
20200817-222900.000,0,5,3378.75,3379,3378.75,3379,5,3378.85,3,2,0.2207,2638249
20200817-223000.000,0,43,3379,3379.25,3379,3379.25,44,3379.05113636364,20,24,0.2207,2638249
20200817-223100.000,0,54,3379.25,3379.25,3379,3379,82,3379.00609756098,47,35,0.2207,2638249
20200817-223200.000,0,22,3379,3379.25,3379,3379,31,3379.00806451613,16,15,0.2207,2638249
20200817-223300.000,0,5,3379,3379.25,3379,3379.25,5,3379.2,1,4,0.2207,2638249
20200817-223400.000,0,35,3379,3379.25,3379,3379.25,76,3379.16118421053,30,46,0.2207,2638249
20200817-223500.000,0,60,3379.5,3379.5,3379.25,3379.5,81,3379.49382716049,12,69,0.2207,2638249
20200817-223600.000,0,29,3379.5,3379.75,3379.5,3379.5,42,3379.53571428571,29,13,0.2207,2638249
20200817-223700.000,0,4,3379.5,3379.5,3379.5,3379.5,4,3379.5,,4,0.2207,2638249
20200817-223800.000,0,58,3379.25,3379.25,3379,3379,79,3379.0664556962,44,35,0.2208,2638249
20200817-223900.000,0,12,3379,3379.25,3379,3379.25,12,3379.02083333333,6,6,0.2208,2638249
20200817-224000.000,0,69,3379.25,3379.25,3378.5,3378.5,80,3378.896875,57,23,0.2208,2638249
20200817-224100.000,0,14,3378.75,3379,3378.75,3379,16,3378.765625,2,14,0.2207,2638249
20200817-224200.000,0,60,3379,3379.5,3379,3379.25,77,3379.33766233766,16,61,0.2207,2638249
20200817-224300.000,0,33,3379.5,3379.75,3379.5,3379.5,43,3379.53488372093,20,23,0.2207,2638249
20200817-224400.000,0,16,3379.25,3379.5,3379.25,3379.5,20,3379.35,12,8,0.2207,2638249
20200817-224500.000,0,61,3379.5,3379.75,3379.25,3379.5,69,3379.49637681159,18,51,0.2207,2638249
20200817-224600.000,0,30,3379.75,3379.75,3379.5,3379.75,48,3379.74479166667,1,47,0.2207,2638249
20200817-224700.000,0,89,3379.75,3380,3379.5,3379.75,115,3379.78043478261,44,71,0.2205,2638249
20200817-224800.000,0,75,3379.75,3380.25,3379.75,3380,95,3379.98157894737,33,62,0.2205,2638249
20200817-224900.000,0,97,3380,3380.5,3380,3380.25,162,3380.16203703704,31,131,0.2204,2638249
20200817-225000.000,0,36,3380.25,3380.5,3380.25,3380.5,46,3380.4347826087,12,34,0.2203,2638249
20200817-225100.000,0,58,3380.5,3380.5,3380,3380.25,71,3380.28521126761,40,31,0.2204,2638249
20200817-225200.000,0,31,3380.25,3380.5,3380.25,3380.5,34,3380.39705882353,14,20,0.2204,2638249
20200817-225300.000,0,37,3380.5,3380.5,3380.25,3380.5,39,3380.48717948718,2,37,0.2203,2638249
20200817-225400.000,0,26,3380.5,3380.5,3380.25,3380.5,27,3380.44444444444,6,21,0.2204,2638249
20200817-225500.000,0,28,3380.5,3380.5,3380.25,3380.25,31,3380.41935483871,10,21,0.2203,2638249
20200817-225600.000,0,60,3380.5,3380.5,3380,3380,76,3380.25,64,12,0.2203,2638249
20200817-225700.000,0,43,3380.25,3380.5,3380.25,3380.5,51,3380.39215686275,6,45,0.2203,2638249
20200817-225800.000,0,64,3380.25,3380.5,3380.25,3380.5,70,3380.475,25,45,0.2203,2638249
20200817-225900.000,0,28,3380.5,3380.5,3380.5,3380.5,30,3380.5,3,27,0.2203,2638249
20200817-230000.000,0,235,3380.5,3380.75,3379.25,3380,294,3379.87925170068,196,98,0.2204,2638249
20200817-230100.000,0,59,3380,3380,3379.75,3380,62,3379.83467741935,33,29,0.2204,2638249
20200817-230200.000,0,39,3380,3380.5,3380,3380.5,44,3380.26704545455,16,28,0.2203,2638249
20200817-230300.000,0,26,3380.5,3380.5,3380.25,3380.25,32,3380.375,16,16,0.2203,2638249
20200817-230400.000,0,64,3380.5,3380.75,3380.25,3380.5,77,3380.5,48,29,0.2203,2638249
20200817-230500.000,0,56,3380.5,3380.75,3380.25,3380.5,62,3380.45161290323,34,28,0.2203,2638249
20200817-230600.000,0,70,3380.25,3380.5,3379.75,3380,76,3380.14802631579,59,17,0.2203,2638249
20200817-230700.000,0,30,3379.75,3380.25,3379.75,3380,34,3379.97058823529,14,20,0.2203,2638249
20200817-230800.000,0,40,3380.25,3380.5,3380,3380.5,45,3380.30555555556,11,34,0.2203,2638249
20200817-230900.000,0,63,3380.5,3381,3380.25,3380.75,86,3380.73546511628,26,60,0.2203,2638249
20200817-231000.000,0,48,3381,3381,3380.5,3380.75,55,3380.72727272727,33,22,0.2203,2638249
20200817-231100.000,0,43,3380.75,3381,3380.5,3380.75,49,3380.72959183673,30,19,0.2202,2638249
20200817-231200.000,0,170,3380.75,3381.75,3380.75,3381.5,263,3381.24904942966,29,234,0.2199,2638249
20200817-231300.000,0,45,3381.5,3381.75,3381.5,3381.75,55,3381.58636363636,14,41,0.2199,2638249
20200817-231400.000,0,330,3381.75,3382.75,3381.25,3381.75,601,3382.10357737105,190,411,0.2197,2638249
20200817-231500.000,0,40,3381.75,3382,3381.75,3381.75,42,3381.85714285714,15,27,0.2197,2638249
20200817-231600.000,0,88,3381.75,3382,3381.25,3381.5,103,3381.55582524272,74,29,0.2198,2638249
20200817-231700.000,0,111,3381.5,3382.25,3381.5,3381.75,171,3381.88888888889,99,72,0.2197,2638249
20200817-231800.000,0,129,3382,3382.5,3382,3382.25,194,3382.2293814433,90,104,0.2197,2638249
20200817-231900.000,0,1194,3382.25,3386.25,3382,3384,1928,3384.25064834025,540,1388,0.2197,2638249
20200817-232000.000,0,282,3384,3385,3384,3384.25,384,3384.52018229167,175,209,0.2189,2638249
20200817-232100.000,0,215,3384.25,3384.5,3383.25,3384,277,3383.89891696751,168,109,0.219,2638249
20200817-232200.000,0,86,3384,3384.25,3383.75,3384,102,3383.95833333333,47,55,0.2187,2638249
20200817-232300.000,0,106,3383.75,3384,3383.5,3383.5,136,3383.81066176471,69,67,0.2188,2638249
20200817-232400.000,0,110,3383.5,3384.25,3383.5,3384.25,155,3383.86935483871,35,120,0.2189,2638249
20200817-232500.000,0,168,3384.25,3385,3384,3384.75,215,3384.59186046512,78,137,0.2188,2638249
20200817-232600.000,0,96,3384.75,3384.75,3384,3384.25,210,3384.41547619048,173,37,0.2188,2638249
20200817-232700.000,0,55,3384.25,3384.5,3384,3384.25,61,3384.29918032787,31,30,0.22,2638249
20200817-232800.000,0,112,3384.5,3384.75,3384.25,3384.75,156,3384.60256410256,68,88,0.2187,2638249
20200817-232900.000,0,223,3385,3386,3384.75,3385.75,286,3385.41958041958,102,184,0.2185,2638249
20200817-233000.000,0,306,3386,3386.5,3385.5,3385.75,445,3386.08595505618,204,241,0.2185,2638249
20200817-233100.000,0,387,3385.75,3387,3385.75,3386.75,637,3386.61891679749,322,315,0.2205,2638249
20200817-233200.000,0,189,3386.75,3387,3385.75,3386.5,261,3386.34865900383,190,71,0.2205,2638249
20200817-233300.000,0,62,3386.5,3386.75,3386.25,3386.5,82,3386.52743902439,48,34,0.2181,2638249
20200817-233400.000,0,56,3386.5,3386.5,3386,3386.25,60,3386.17083333333,33,27,0.2181,2638249
20200817-233500.000,0,75,3386.25,3386.25,3385.75,3386,86,3385.96802325581,52,34,0.2181,2638249
20200817-233600.000,0,107,3386.25,3386.5,3386.25,3386.25,119,3386.31722689076,54,65,0.2181,2638249
20200817-233700.000,0,49,3386.25,3386.5,3386,3386.25,51,3386.31862745098,25,26,0.2181,2638249
20200817-233800.000,0,39,3386.25,3386.5,3386.25,3386.5,43,3386.43023255814,12,31,0.2181,2638249
20200817-233900.000,0,59,3386.25,3386.75,3386.25,3386.5,76,3386.46710526316,27,49,0.2181,2638249
20200817-234000.000,0,123,3386.75,3387,3386.25,3386.5,158,3386.77215189873,61,97,0.2181,2638249
20200817-234100.000,0,50,3386.5,3386.75,3386.25,3386.75,58,3386.50862068966,27,31,0.2182,2638249
20200817-234200.000,0,63,3386.75,3386.75,3386.5,3386.5,71,3386.62323943662,38,33,0.2181,2638249
20200817-234300.000,0,21,3386.5,3386.5,3386.25,3386.25,24,3386.42708333333,14,10,0.2181,2638249
20200817-234400.000,0,34,3386.25,3386.5,3386.25,3386.5,52,3386.33653846154,30,22,0.2181,2638249
20200817-234500.000,0,163,3386.5,3387,3386,3387,211,3386.5663507109,95,116,0.2181,2638249
20200817-234600.000,0,52,3386.75,3386.75,3386.25,3386.5,67,3386.53731343284,39,28,0.2181,2638249
20200817-234700.000,0,111,3386.25,3386.5,3386,3386,131,3386.14694656489,86,45,0.2181,2638249
20200817-234800.000,0,90,3386,3386.25,3385.75,3386,103,3386.04126213592,66,37,0.2182,2638249
20200817-234900.000,0,216,3385.75,3386,3385.5,3386,267,3385.65074906367,190,77,0.2183,2638249
20200817-235000.000,0,132,3385.75,3386,3385,3385.25,164,3385.41920731707,142,22,0.2182,2638249
20200817-235100.000,0,92,3385,3385.25,3385,3385.25,134,3385.16791044776,66,68,0.2183,2638249
20200817-235200.000,0,92,3385,3385.5,3384.75,3384.75,123,3385.14837398374,68,55,0.2184,2638249
20200817-235300.000,0,66,3385,3385.25,3384.75,3385.25,79,3385.0917721519,30,49,0.2184,2638249
20200817-235400.000,0,69,3385.5,3385.5,3385,3385.25,78,3385.29166666667,51,27,0.2184,2638249
20200817-235500.000,0,70,3385,3385.25,3384.75,3385.25,77,3385.00974025974,38,39,0.2184,2638249
20200817-235600.000,0,91,3385.25,3386,3385.25,3386,114,3385.56359649123,21,93,0.2183,2638249
20200817-235700.000,0,71,3386,3386,3385.75,3385.75,83,3385.85843373494,51,32,0.2183,2638249
20200817-235800.000,0,68,3385.75,3386.25,3385.5,3385.75,75,3385.92333333333,36,39,0.2183,2638249
20200817-235900.000,0,153,3386,3386.25,3385.5,3386,173,3385.82514450867,107,66,0.2182,2638249
