Time,Sequence,Count,Open,High,Low,Close,Volume,VWAP,BidVolume,AskVolume,ImpVolatility,OpenInterest
20200303-000000.000,0,1872,3084.5,3089.5,3083.5,3089.5,3196,3087.10168961202,1393,1803,,
20200303-000100.000,0,719,3089.5,3090,3087.5,3088,997,3088.60055165497,530,467,,
20200303-000200.000,0,1043,3088,3092,3087.5,3092,1361,3089.35323291697,563,798,,
20200303-000300.000,0,1004,3091.75,3095,3090.75,3094,1276,3093.31152037618,610,666,,
20200303-000400.000,0,752,3094,3094.5,3092.5,3092.75,1633,3093.25704225352,954,679,,
20200303-000500.000,0,916,3092.75,3095.5,3092.5,3093.25,1456,3094.04464285714,713,743,,
20200303-000600.000,0,539,3093.25,3093.25,3091,3091.75,801,3091.96129837703,420,381,,
20200303-000700.000,0,575,3092,3092.5,3087.5,3089.25,827,3090.16082224909,439,388,,
20200303-000800.000,0,381,3089.25,3090,3087.75,3088,568,3088.79269366197,334,234,,
20200303-000900.000,0,368,3088.25,3090.5,3088.25,3090.25,518,3089.66891891892,257,261,,
20200303-001000.000,0,294,3090.25,3091.5,3088,3088.75,351,3089.7150997151,177,174,,
20200303-001100.000,0,344,3088.75,3089,3087,3087.25,531,3088.13276836158,229,302,,
20200303-001200.000,0,1057,3087.25,3088.25,3083.75,3083.75,1977,3085.47167425392,827,1150,,
20200303-001300.000,0,531,3083.5,3086.25,3083.5,3084.75,739,3084.89174560217,384,355,,
20200303-001400.000,0,317,3084.75,3086.5,3083.75,3085.5,396,3085.37689393939,153,243,,
20200303-001500.000,0,494,3085.75,3087.5,3085,3086.5,627,3086.18939393939,259,368,,
20200303-001600.000,0,518,3086.25,3089,3085.75,3087,673,3087.30349182764,337,336,,
20200303-001700.000,0,428,3086.75,3087.75,3083.5,3084.25,571,3085.85683012259,374,197,,
20200303-001800.000,0,336,3084.5,3085.5,3084.25,3084.25,527,3084.76185958254,250,277,,
20200303-001900.000,0,206,3084,3085,3083.75,3084.25,274,3084.36313868613,126,148,,
20200303-002000.000,0,395,3084,3086,3083.5,3086,497,3084.76559356137,237,260,,
20200303-002100.000,0,634,3085.75,3086.25,3083,3084,854,3084.85977751756,410,444,,
20200303-002200.000,0,303,3083.75,3084.25,3083,3083.75,444,3083.61373873874,199,245,,
20200303-002300.000,0,466,3084,3087,3084,3086.75,634,3085.67981072555,302,332,,
20200303-002400.000,0,444,3086.75,3088,3086,3087.75,637,3087.25588697017,247,390,,
20200303-002500.000,0,857,3088,3091.5,3088,3091.5,1087,3089.67479300828,488,599,,
20200303-002600.000,0,422,3091.75,3091.75,3089.5,3089.5,538,3090.6719330855,292,246,,
20200303-002700.000,0,302,3089.75,3091,3088.25,3088.5,421,3090.07482185273,219,202,,
20200303-002800.000,0,388,3088.5,3090,3088,3089.25,603,3089.08665008292,315,288,,
20200303-002900.000,0,235,3089.5,3090.5,3089.25,3089.25,380,3089.70131578947,158,222,,
20200303-003000.000,0,267,3089.25,3090.5,3089.25,3090.25,402,3089.73196517413,163,239,,
20200303-003100.000,0,190,3090.5,3090.5,3089,3089.25,336,3089.68229166667,207,129,,
20200303-003200.000,0,290,3089.5,3090,3089,3089.5,491,3089.35030549898,260,231,,
20200303-003300.000,0,193,3089.75,3090.25,3089.25,3089.25,309,3089.6860841424,153,156,,
20200303-003400.000,0,445,3089.25,3089.5,3087.5,3088.25,936,3088.86752136752,697,239,,
20200303-003500.000,0,203,3088.5,3089.75,3088.5,3088.75,236,3089.08262711864,121,115,,
20200303-003600.000,0,346,3088.75,3088.75,3087,3087.75,502,3087.72559760956,257,245,,
20200303-003700.000,0,1134,3087.75,3093.5,3087.25,3092.5,1789,3090.93054779206,700,1089,,
20200303-003800.000,0,529,3092.75,3093.25,3090,3090.5,657,3091.3097412481,323,334,,
20200303-003900.000,0,275,3090.25,3090.5,3089,3089.5,438,3089.75456621005,280,158,,
20200303-004000.000,0,348,3089.5,3090.25,3087.25,3087.5,447,3088.76286353468,216,231,,
20200303-004100.000,0,285,3087.25,3089,3087,3088,490,3087.93724489796,271,219,,
20200303-004200.000,0,548,3088.25,3090.25,3088,3090,926,3089.31587473002,398,528,,
20200303-004300.000,0,352,3089.75,3091,3089.5,3090,558,3090.30062724014,290,268,,
20200303-004400.000,0,240,3089.75,3090.25,3088,3088.25,322,3088.80357142857,193,129,,
20200303-004500.000,0,258,3088.25,3088.25,3087,3087.75,398,3087.62185929648,192,206,,
20200303-004600.000,0,448,3088,3090.75,3088,3088.75,609,3089.58661740558,283,326,,
20200303-004700.000,0,134,3088.75,3089.25,3088.25,3088.25,155,3088.77258064516,95,60,,
20200303-004800.000,0,268,3088.25,3088.75,3087.25,3087.25,479,3087.90396659708,166,313,,
20200303-004900.000,0,262,3087.25,3089.5,3086.75,3089.25,336,3087.90848214286,150,186,,
20200303-005000.000,0,473,3089.5,3093,3089.25,3091.25,586,3091.1087883959,229,357,,
20200303-005100.000,0,637,3091.25,3091.25,3089.25,3091,934,3090.39507494647,506,428,,
20200303-005200.000,0,301,3090.75,3091.5,3090.25,3091,650,3090.91807692308,291,359,,
20200303-005300.000,0,244,3091,3091.5,3090.25,3091,433,3091.01212471132,207,226,,
20200303-005400.000,0,295,3090.75,3090.75,3088.75,3089,413,3089.60169491525,271,142,,
20200303-005500.000,0,375,3089,3091.75,3089,3091.25,502,3090.78237051793,173,329,,
20200303-005600.000,0,230,3091.25,3091.5,3090.75,3091,559,3091.1408765653,284,275,,
20200303-005700.000,0,271,3091,3091.75,3090.25,3090.75,494,3091.1528340081,243,251,,
20200303-005800.000,0,301,3090.75,3092.75,3090.75,3092.75,416,3091.99038461539,196,220,,
20200303-005900.000,0,418,3092.75,3093,3091.75,3093,644,3092.56832298137,284,360,,
20200303-010000.000,0,815,3093,3095,3092.25,3093.25,1119,3093.65192135836,536,583,,
20200303-010100.000,0,413,3093.25,3093.5,3090.5,3090.5,546,3092.14697802198,299,247,,
20200303-010200.000,0,379,3090.5,3091.5,3090.25,3090.5,585,3090.9641025641,272,313,,
20200303-010300.000,0,266,3090.5,3091.5,3089.75,3091.5,409,3090.52322738386,158,251,,
20200303-010400.000,0,355,3091.25,3093,3091.25,3092.75,548,3092.16605839416,243,305,,
20200303-010500.000,0,314,3092.75,3093.5,3090,3090.5,477,3091.85482180294,294,183,,
20200303-010600.000,0,334,3090.5,3091.25,3090.5,3090.75,752,3090.79654255319,374,378,,
20200303-010700.000,0,154,3090.5,3091,3089.25,3089.25,211,3090.47511848341,112,99,,
20200303-010800.000,0,194,3089.5,3090,3089,3089.5,354,3089.50564971751,162,192,,
20200303-010900.000,0,206,3089.5,3091,3089.25,3089.25,354,3090.13629943503,174,180,,
20200303-011000.000,0,195,3089.25,3090,3089,3089.75,374,3089.5621657754,191,183,,
20200303-011100.000,0,116,3089.75,3090.25,3089,3089.5,192,3089.671875,77,115,,
20200303-011200.000,0,259,3089.5,3089.75,3088,3088.5,371,3088.53706199461,223,148,,
20200303-011300.000,0,361,3088.25,3088.25,3086.75,3087,689,3087.47278664732,374,315,,
20200303-011400.000,0,651,3087.25,3087.5,3083.75,3085,934,3085.41381156317,556,378,,
20200303-011500.000,0,545,3085,3086.25,3084,3084.75,770,3085.02532467532,326,444,,
20200303-011600.000,0,322,3085,3085.75,3083.25,3084,501,3084.69211576846,280,221,,
20200303-011700.000,0,642,3083.75,3084.25,3081,3081,788,3082.42100253807,432,356,,
20200303-011800.000,0,649,3081,3081.5,3078.5,3079,927,3079.92853290183,514,413,,
20200303-011900.000,0,378,3079.25,3081,3078.25,3080.25,572,3079.48164335664,195,377,,
20200303-012000.000,0,564,3080,3083,3080,3081,709,3081.54231311707,333,376,,
20200303-012100.000,0,376,3081,3082.75,3080.75,3081.25,532,3081.46851503759,341,191,,
20200303-012200.000,0,391,3081.5,3081.5,3079.25,3080.5,547,3079.96206581353,261,286,,
20200303-012300.000,0,308,3080.75,3082.25,3079,3081.5,438,3080.59417808219,199,239,,
20200303-012400.000,0,236,3081.25,3082.25,3080.75,3082.25,357,3081.53851540616,172,185,,
20200303-012500.000,0,964,3082.25,3087,3081.5,3086,1304,3084.34394171779,594,710,,
20200303-012600.000,0,384,3085.75,3087,3084,3084.25,491,3085.81262729124,290,201,,
20200303-012700.000,0,359,3084,3087.25,3084,3086.5,421,3085.84916864608,162,259,,
20200303-012800.000,0,192,3086.75,3086.75,3085,3085.25,267,3085.57303370787,141,126,,
20200303-012900.000,0,319,3085.25,3087.75,3085.25,3086.75,376,3086.94813829787,174,202,,
20200303-013000.000,0,277,3086.75,3088,3085.75,3086.5,376,3086.73537234043,202,174,,
20200303-013100.000,0,286,3086.75,3086.75,3084,3084.75,352,3085.08877840909,189,163,,
20200303-013200.000,0,193,3085,3086.25,3084.75,3085.25,225,3085.46444444444,97,128,,
20200303-013300.000,0,314,3085,3085.5,3084.25,3085.25,497,3084.94818913481,239,258,,
20200303-013400.000,0,362,3085.25,3085.75,3083,3084.75,525,3084.69857142857,258,267,,
20200303-013500.000,0,241,3085,3086.5,3083.5,3083.5,436,3085.13589449541,197,239,,
20200303-013600.000,0,256,3083.75,3085,3083.25,3084.25,432,3084.17997685185,213,219,,
20200303-013700.000,0,244,3084,3084.25,3082.5,3084.25,325,3083.18923076923,184,141,,
20200303-013800.000,0,119,3084.25,3085,3084.25,3084.5,155,3084.54677419355,80,75,,
20200303-013900.000,0,116,3084.75,3085.25,3083.75,3084.5,139,3084.40647482014,68,71,,
20200303-014000.000,0,179,3084.5,3084.5,3083,3084,245,3083.98469387755,147,98,,
20200303-014100.000,0,396,3084,3084,3081,3081.5,534,3081.99906367041,345,189,,
20200303-014200.000,0,265,3081.75,3082.25,3081,3081.75,537,3081.25651769088,395,142,,
20200303-014300.000,0,327,3081.5,3081.75,3080.25,3081,452,3080.92699115044,294,158,,
20200303-014400.000,0,303,3081,3082,3081,3082,455,3081.50934065934,211,244,,
20200303-014500.000,0,261,3082.25,3082.75,3080,3080.5,311,3081.12620578778,167,144,,
20200303-014600.000,0,722,3080.25,3081,3076.5,3077,1117,3078.34713518353,687,430,,
20200303-014700.000,0,311,3077,3078.75,3076.75,3078.25,464,3077.69881465517,171,293,,
20200303-014800.000,0,680,3078.5,3078.5,3075.25,3076.5,1049,3076.67564346997,712,337,,
20200303-014900.000,0,662,3076.5,3076.75,3074.25,3075,960,3075.31796875,474,486,,
20200303-015000.000,0,546,3075,3076.5,3073.75,3075.75,756,3075.20535714286,346,410,,
20200303-015100.000,0,453,3076,3077.25,3074.75,3077,689,3076.09905660377,316,373,,
20200303-015200.000,0,500,3077.25,3079.5,3077.25,3077.5,704,3078.38423295455,343,361,,
20200303-015300.000,0,231,3077.5,3077.5,3075.75,3076.5,303,3076.57095709571,181,122,,
20200303-015400.000,0,236,3076.25,3077.25,3075.75,3076.75,317,3076.32728706625,169,148,,
20200303-015500.000,0,359,3076.5,3078.25,3075.5,3077.75,462,3076.70238095238,210,252,,
20200303-015600.000,0,279,3077.75,3078.5,3077,3078,326,3077.54447852761,166,160,,
20200303-015700.000,0,322,3078,3078,3075.75,3076,425,3076.45823529412,207,218,,
20200303-015800.000,0,415,3076.25,3076.25,3073.5,3074.5,602,3074.60672757475,303,299,,
20200303-015900.000,0,245,3074.5,3075.75,3073.75,3074.25,311,3074.64308681672,142,169,,
20200303-020000.000,0,414,3074.5,3077.5,3073.75,3077.25,556,3075.33992805755,167,389,,
20200303-020100.000,0,267,3077.25,3077.25,3074.75,3076.5,423,3075.61406619385,169,254,,
20200303-020200.000,0,179,3076.5,3076.75,3075.75,3075.75,261,3076.23659003831,161,100,,
20200303-020300.000,0,219,3075.75,3077.25,3075.5,3075.75,279,3076.39964157706,101,178,,
20200303-020400.000,0,365,3075.5,3078.25,3075.25,3078,585,3077.42521367521,285,300,,
20200303-020500.000,0,651,3078,3081,3078,3081,1026,3079.50999025341,562,464,,
20200303-020600.000,0,470,3081.25,3081.5,3079.75,3080,626,3080.95686900959,323,303,,
20200303-020700.000,0,331,3080,3080.5,3078.5,3079,445,3079.45337078652,218,227,,
20200303-020800.000,0,159,3079.25,3080,3078,3079,212,3079.03537735849,123,89,,
20200303-020900.000,0,331,3078.75,3078.75,3076.75,3077.75,465,3077.73333333333,279,186,,
20200303-021000.000,0,308,3077.5,3077.75,3075.75,3077.25,425,3076.60588235294,184,241,,
20200303-021100.000,0,172,3076.75,3077,3075.75,3076,194,3076.3131443299,109,85,,
20200303-021200.000,0,381,3075.75,3075.75,3073.25,3073.75,453,3074.3857615894,284,169,,
20200303-021300.000,0,461,3073.75,3074.75,3072.5,3074.25,674,3073.63167655786,298,376,,
20200303-021400.000,0,182,3074,3075.25,3073.5,3074.75,264,3074.46022727273,126,138,,
20200303-021500.000,0,313,3074.75,3076.75,3074.5,3075.25,431,3075.78016241299,230,201,,
20200303-021600.000,0,180,3075.25,3076.75,3075,3076.5,237,3075.92932489451,83,154,,
20200303-021700.000,0,150,3076.5,3076.75,3075.25,3076,171,3076.08333333333,97,74,,
20200303-021800.000,0,107,3076,3076,3075,3075.5,128,3075.4453125,52,76,,
20200303-021900.000,0,87,3075.75,3076.5,3075.25,3075.25,109,3075.97247706422,53,56,,
20200303-022000.000,0,259,3075.25,3075.25,3074,3074,362,3074.46201657459,200,162,,
20200303-022100.000,0,253,3074.25,3074.5,3073,3073.5,472,3073.7123940678,244,228,,
20200303-022200.000,0,458,3073.25,3074,3071.5,3071.75,835,3072.44700598802,545,290,,
20200303-022300.000,0,511,3071.75,3072.75,3070.25,3070.5,808,3071.4885519802,468,340,,
20200303-022400.000,0,713,3070.75,3071,3067.5,3069.5,990,3068.96616161616,489,501,,
20200303-022500.000,0,397,3069.5,3069.5,3067.75,3068.25,616,3068.69358766234,249,367,,
20200303-022600.000,0,658,3068.25,3070.75,3067,3070,1141,3069.00920245399,551,590,,
20200303-022700.000,0,361,3070,3072.25,3070,3072.25,580,3071.34698275862,189,391,,
20200303-022800.000,0,406,3072.25,3073,3071,3071.5,583,3071.96869639794,275,308,,
20200303-022900.000,0,386,3071.5,3072,3069.75,3070.75,662,3070.82326283988,350,312,,
20200303-023000.000,0,688,3070.75,3076.25,3070.25,3075.5,864,3073.62471064815,330,534,,
20200303-023100.000,0,580,3075.25,3076.75,3072.5,3073.25,680,3074.05772058824,378,302,,
20200303-023200.000,0,140,3073.25,3073.25,3072,3072.25,165,3072.66818181818,96,69,,
20200303-023300.000,0,298,3072.25,3074.25,3072.25,3073.5,395,3073.17151898734,182,213,,
20200303-023400.000,0,405,3073.5,3075.5,3073.25,3074.25,617,3074.72325769854,344,273,,
20200303-023500.000,0,416,3074.25,3074.5,3071.5,3073.5,646,3072.99458204334,384,262,,
20200303-023600.000,0,251,3073.75,3074.75,3073.5,3074.5,292,3074.4426369863,134,158,,
20200303-023700.000,0,170,3074.5,3075.25,3074.25,3074.75,226,3074.78761061947,115,111,,
20200303-023800.000,0,145,3074.5,3074.5,3073.25,3074,194,3074.02835051546,103,91,,
20200303-023900.000,0,85,3073.75,3074.75,3073.75,3074.5,96,3074.47916666667,45,51,,
20200303-024000.000,0,221,3074.5,3075,3073.5,3073.75,271,3074.29612546125,147,124,,
20200303-024100.000,0,394,3074,3074,3070.25,3071.25,480,3072.1140625,300,180,,
20200303-024200.000,0,333,3071.25,3072.75,3071,3072.75,385,3071.8461038961,171,214,,
20200303-024300.000,0,218,3072.5,3074.25,3072.25,3074,283,3073.46201413428,98,185,,
20200303-024400.000,0,205,3074,3074,3072.75,3073,228,3073.47368421053,131,97,,
20200303-024500.000,0,364,3073.25,3074.25,3071.25,3073.25,472,3072.84375,217,255,,
20200303-024600.000,0,192,3073.25,3073.75,3072,3072.75,246,3072.73475609756,156,90,,
20200303-024700.000,0,772,3073,3078.75,3073,3077.75,976,3075.98181352459,347,629,,
20200303-024800.000,0,616,3077.75,3078,3075,3077.5,694,3076.73703170029,354,340,,
20200303-024900.000,0,373,3077.5,3079,3077.5,3077.75,494,3078.26821862348,235,259,,
20200303-025000.000,0,296,3077.75,3078.5,3077,3077.75,461,3077.76301518438,245,216,,
20200303-025100.000,0,445,3078,3079.5,3076.75,3077.5,697,3078.08715925395,401,296,,
20200303-025200.000,0,289,3077.5,3077.75,3075.75,3076.75,418,3076.88098086124,224,194,,
20200303-025300.000,0,319,3076.5,3076.75,3074.75,3075.75,392,3075.68048469388,233,159,,
20200303-025400.000,0,311,3075.75,3077.5,3075.25,3075.25,472,3076.43008474576,247,225,,
20200303-025500.000,0,241,3075.5,3076,3074.75,3075.5,309,3075.36488673139,151,158,,
20200303-025600.000,0,424,3075.25,3075.25,3073,3073.5,512,3073.7705078125,294,218,,
20200303-025700.000,0,373,3073.5,3075.25,3072.5,3072.75,493,3073.74290060852,268,225,,
20200303-025800.000,0,534,3072.75,3073,3069.5,3072.5,593,3071.31323777403,355,238,,
20200303-025900.000,0,289,3072.75,3073.75,3072.25,3073,396,3072.84974747475,153,243,,
20200303-030000.000,0,435,3073,3075,3072.25,3073.75,594,3073.43560606061,270,324,,
20200303-030100.000,0,384,3073.5,3075,3073.25,3074,537,3074.13361266294,328,209,,
20200303-030200.000,0,487,3074,3076,3074,3075.75,654,3075.31918960245,268,386,,
20200303-030300.000,0,193,3075.75,3077.25,3075.75,3076.5,210,3076.55,93,117,,
20200303-030400.000,0,307,3076.75,3076.75,3074.75,3076,415,3075.40602409639,217,198,,
20200303-030500.000,0,371,3075.75,3075.75,3074,3074.5,630,3074.50198412698,393,237,,
20200303-030600.000,0,169,3074.25,3075,3074,3074.25,193,3074.52461139896,108,85,,
20200303-030700.000,0,238,3074.25,3076,3074.25,3075.75,278,3075.2940647482,102,176,,
20200303-030800.000,0,377,3075.75,3078,3075.25,3077.5,518,3076.59652509653,203,315,,
20200303-030900.000,0,341,3077.5,3078.5,3075.25,3075.75,465,3077.01129032258,309,156,,
20200303-031000.000,0,322,3075.75,3076.25,3074.25,3075.5,380,3075.26447368421,204,176,,
20200303-031100.000,0,187,3075.25,3076,3074.25,3074.5,215,3075.17093023256,127,88,,
20200303-031200.000,0,155,3074.25,3074.75,3074,3074.25,265,3074.38867924528,191,74,,
20200303-031300.000,0,271,3074.25,3075.25,3074,3074.25,594,3074.4154040404,346,248,,
20200303-031400.000,0,170,3074.25,3075.75,3074,3075.5,240,3074.759375,81,159,,
20200303-031500.000,0,230,3075.75,3076.5,3074.75,3074.75,361,3075.65581717452,195,166,,
20200303-031600.000,0,174,3074.75,3076.5,3074.5,3076,229,3075.59825327511,101,128,,
20200303-031700.000,0,115,3076,3076.25,3075.5,3076,161,3075.85093167702,80,81,,
20200303-031800.000,0,240,3076,3076,3074,3074.75,466,3074.47156652361,303,163,,
20200303-031900.000,0,152,3074.75,3075.75,3074.75,3075,259,3075.21138996139,106,153,,
20200303-032000.000,0,238,3074.75,3076.25,3074,3075.5,424,3075.12735849057,193,231,,
20200303-032100.000,0,237,3075.75,3077.5,3075.75,3076.5,352,3076.64559659091,102,250,,
20200303-032200.000,0,381,3076.5,3079.25,3076.5,3077.75,534,3078.14325842697,192,342,,
20200303-032300.000,0,190,3077.75,3079.75,3077.75,3079.5,300,3078.91666666667,108,192,,
20200303-032400.000,0,297,3079.5,3079.5,3077.25,3077.25,520,3078.28557692308,299,221,,
20200303-032500.000,0,312,3077.25,3077.75,3077.25,3077.25,1087,3077.3753449862,539,548,,
20200303-032600.000,0,169,3077,3077,3076,3076.75,204,3076.60906862745,99,105,,
20200303-032700.000,0,215,3076.75,3079.5,3076.25,3079.5,341,3078.22653958944,76,265,,
20200303-032800.000,0,435,3079.5,3081,3078.75,3080.25,554,3079.87590252708,183,371,,
20200303-032900.000,0,557,3080.25,3083.75,3080.25,3082.25,703,3082.52951635846,197,506,,
20200303-033000.000,0,650,3082,3084.25,3080.75,3081.5,828,3082.38315217391,486,342,,
20200303-033100.000,0,241,3081.75,3083.75,3081.5,3083,342,3082.5701754386,119,223,,
20200303-033200.000,0,169,3083,3083.75,3082.25,3082.25,205,3083.11829268293,117,88,,
20200303-033300.000,0,248,3082.25,3084.5,3082.25,3084,346,3083.71820809249,149,197,,
20200303-033400.000,0,310,3084,3086,3084,3085,397,3085.15176322418,158,239,,
20200303-033500.000,0,309,3085.25,3085.5,3082.25,3082.25,397,3083.53211586902,216,181,,
20200303-033600.000,0,317,3082.25,3082.25,3080,3080,394,3081.02982233503,260,134,,
20200303-033700.000,0,269,3080.25,3081.25,3079.25,3079.5,377,3080.10344827586,179,198,,
20200303-033800.000,0,176,3079.75,3080,3079.25,3079.75,219,3079.64840182648,139,80,,
20200303-033900.000,0,189,3079.75,3081.5,3079.75,3080.5,231,3080.68506493507,88,143,,
20200303-034000.000,0,147,3080.5,3082,3080.25,3081.5,190,3081.15131578947,89,101,,
20200303-034100.000,0,276,3081.5,3082.5,3081.25,3081.5,402,3081.85323383085,186,216,,
20200303-034200.000,0,255,3081.5,3082.5,3081.5,3081.75,465,3081.89516129032,241,224,,
20200303-034300.000,0,285,3081.75,3082.25,3081.25,3081.75,708,3081.83368644068,363,345,,
20200303-034400.000,0,193,3081.75,3082.25,3081.5,3081.5,438,3081.88926940639,225,213,,
20200303-034500.000,0,183,3081.5,3082,3080.5,3080.75,263,3081.19296577947,109,154,,
20200303-034600.000,0,200,3080.75,3080.75,3078.75,3079,252,3079.7003968254,155,97,,
20200303-034700.000,0,127,3079,3080,3079,3079.25,177,3079.5197740113,61,116,,
20200303-034800.000,0,123,3079.5,3080,3079,3079.75,148,3079.67736486487,49,99,,
20200303-034900.000,0,100,3079.5,3080,3079,3079.75,134,3079.54664179105,56,78,,
20200303-035000.000,0,295,3079.5,3082,3079.5,3080.75,398,3080.95728643216,181,217,,
20200303-035100.000,0,72,3081,3081,3079.75,3080.25,96,3080.125,53,43,,
20200303-035200.000,0,184,3080.25,3081.5,3080.25,3081,303,3081.21369636964,134,169,,
20200303-035300.000,0,93,3081,3082.25,3081,3082,118,3081.72669491525,28,90,,
20200303-035400.000,0,258,3082,3082,3080.5,3080.75,461,3081.06507592191,258,203,,
20200303-035500.000,0,82,3080.75,3081.75,3080.5,3080.5,92,3081.07336956522,50,42,,
20200303-035600.000,0,137,3080.5,3080.75,3079.25,3079.75,202,3079.80693069307,116,86,,
20200303-035700.000,0,348,3080,3080,3078.25,3078.5,496,3078.71824596774,288,208,,
20200303-035800.000,0,415,3078.5,3079,3076.75,3077.75,533,3077.85600375235,259,274,,
20200303-035900.000,0,244,3077.75,3078.25,3077.25,3077.75,325,3077.66461538462,143,182,,
20200303-040000.000,0,754,3077.75,3077.75,3076,3076.25,1333,3076.94429857464,626,707,,
20200303-040100.000,0,271,3076.5,3078.25,3076.5,3078,378,3077.60515873016,124,254,,
20200303-040200.000,0,359,3077.75,3078,3076.25,3077,502,3077.09362549801,301,201,,
20200303-040300.000,0,197,3077,3077.75,3076.25,3076.25,331,3076.96525679758,198,133,,
20200303-040400.000,0,474,3076.25,3076.5,3074,3074.25,635,3074.96811023622,429,206,,
20200303-040500.000,0,471,3074.25,3074.5,3072,3072.5,668,3073.09842814371,421,247,,
20200303-040600.000,0,470,3072.5,3073,3070.75,3072.5,675,3071.61222222222,297,378,,
20200303-040700.000,0,166,3072.5,3072.5,3071,3071.25,209,3071.76794258373,93,116,,
20200303-040800.000,0,450,3071.25,3074.25,3071,3074,632,3072.64240506329,355,277,,
20200303-040900.000,0,421,3074,3075.25,3072.75,3073,550,3074.10318181818,297,253,,
20200303-041000.000,0,276,3073.25,3074.5,3072.75,3074,498,3073.69929718876,239,259,,
20200303-041100.000,0,134,3074.25,3074.75,3073.75,3074,158,3074.30379746835,74,84,,
20200303-041200.000,0,203,3074,3074.75,3073,3074.25,242,3073.84400826446,113,129,,
20200303-041300.000,0,125,3074.25,3074.75,3074,3074.5,139,3074.40287769784,53,86,,
20200303-041400.000,0,107,3074.25,3074.25,3073.5,3074,120,3073.86041666667,68,52,,
20200303-041500.000,0,167,3074,3075.5,3073.75,3075.5,256,3074.6328125,76,180,,
20200303-041600.000,0,150,3075.25,3075.75,3074.75,3075,189,3075.3082010582,102,87,,
20200303-041700.000,0,131,3075,3076,3074.5,3074.5,162,3075.14814814815,73,89,,
20200303-041800.000,0,160,3074.75,3076,3074.75,3075.5,201,3075.53731343284,84,117,,
20200303-041900.000,0,681,3075.25,3075.25,3072,3073,901,3073.56687014428,574,327,,
20200303-042000.000,0,1058,3072.75,3073,3067.75,3067.75,1726,3070.37253765933,1320,406,,
20200303-042100.000,0,917,3067.5,3069,3065.5,3066.25,1187,3067.39911541702,699,488,,
20200303-042200.000,0,899,3066.25,3067.25,3064,3067,1326,3065.50395927602,838,488,,
20200303-042300.000,0,1164,3067,3067.25,3064.75,3065.5,1869,3065.82209737828,820,1049,,
20200303-042400.000,0,1448,3065.5,3066.75,3061,3062,2606,3064.18409439754,1684,922,,
20200303-042500.000,0,624,3062.25,3064,3061,3061.25,868,3062.59735023041,527,341,,
20200303-042600.000,0,457,3061,3063,3060.25,3062.75,607,3061.36820428336,297,310,,
20200303-042700.000,0,254,3062.5,3062.75,3061,3062.5,337,3061.79747774481,180,157,,
20200303-042800.000,0,416,3062.5,3063.25,3061.5,3062,488,3062.41649590164,234,254,,
20200303-042900.000,0,342,3061.75,3062.25,3060.75,3061.25,510,3061.52843137255,257,253,,
20200303-043000.000,0,746,3061.5,3063,3059.75,3060,1178,3061.25339558574,689,489,,
20200303-043100.000,0,787,3060,3060.5,3057.5,3058.25,1059,3059.09608120869,661,398,,
20200303-043200.000,0,486,3058.25,3060,3057.5,3059.25,583,3058.68524871355,272,311,,
20200303-043300.000,0,415,3059,3060.5,3058,3059.5,616,3059.15381493507,266,350,,
20200303-043400.000,0,545,3059.25,3059.5,3057.25,3057.25,695,3058.03848920863,427,268,,
20200303-043500.000,0,442,3057.25,3058.25,3056.5,3057.75,590,3057.25084745763,298,292,,
20200303-043600.000,0,601,3057.75,3059.25,3057,3058.25,752,3058.24335106383,349,403,,
20200303-043700.000,0,557,3058,3061.25,3058,3061.25,743,3059.80181695828,344,399,,
20200303-043800.000,0,1021,3061.25,3065.5,3060.25,3065,1207,3063.22763048882,500,707,,
20200303-043900.000,0,809,3065,3067.5,3064.5,3066.25,1154,3066.25411611785,635,519,,
20200303-044000.000,0,667,3066,3069.25,3065.25,3068.25,904,3067.33047566372,385,519,,
20200303-044100.000,0,1084,3068.25,3072,3067.75,3069.25,1565,3070.1589456869,802,763,,
20200303-044200.000,0,372,3069.5,3069.5,3067,3067.25,507,3068.11489151874,350,157,,
20200303-044300.000,0,744,3067.5,3067.5,3063,3064.5,1032,3065.11918604651,654,378,,
20200303-044400.000,0,574,3064.75,3065,3060,3060.25,769,3062.1888816645,490,279,,
20200303-044500.000,0,430,3060.25,3062.75,3059.5,3061.5,592,3061.3120777027,269,323,,
20200303-044600.000,0,241,3061.25,3062,3061.25,3061.5,281,3061.58629893238,142,139,,
20200303-044700.000,0,239,3061.5,3062.75,3061,3062.25,311,3061.99678456592,177,134,,
20200303-044800.000,0,265,3062.5,3064.25,3062.25,3064,363,3063.25275482094,175,188,,
20200303-044900.000,0,214,3064,3064.5,3063.25,3064,236,3063.94809322034,104,132,,
20200303-045000.000,0,418,3063.75,3067,3063.75,3066.75,619,3065.6457996769,197,422,,
20200303-045100.000,0,248,3066.75,3067.25,3065.5,3066,274,3066.39051094891,173,101,,
20200303-045200.000,0,169,3065.75,3067,3065.25,3066.25,189,3066.04761904762,85,104,,
20200303-045300.000,0,107,3066.5,3067.25,3065.5,3065.75,119,3066.49579831933,63,56,,
20200303-045400.000,0,101,3065.75,3066,3065.25,3066,120,3065.72083333333,68,52,,
20200303-045500.000,0,141,3066.25,3067.75,3065.75,3067,156,3067.06891025641,68,88,,
20200303-045600.000,0,436,3067,3067.25,3065,3066.25,527,3065.97628083491,296,231,,
20200303-045700.000,0,92,3066.25,3066.25,3065.75,3065.75,99,3066.05050505051,50,49,,
20200303-045800.000,0,123,3066,3066.25,3065.25,3066,134,3065.74440298507,64,70,,
20200303-045900.000,0,187,3065.75,3066.5,3065.5,3065.5,216,3065.9224537037,94,122,,
20200303-050000.000,0,930,3065.5,3071.25,3065,3070.25,1222,3068.07835515548,538,684,,
20200303-050100.000,0,403,3070,3070,3068,3068.25,459,3068.81481481482,270,189,,
20200303-050200.000,0,397,3068.25,3070.5,3068.25,3069.25,494,3069.54605263158,243,251,,
20200303-050300.000,0,265,3069.25,3071,3068.25,3068.5,306,3069.77450980392,155,151,,
20200303-050400.000,0,266,3068.5,3068.75,3067.5,3067.75,304,3068.10032894737,151,153,,
20200303-050500.000,0,442,3067.75,3067.75,3065,3065.5,690,3066.14637681159,458,232,,
20200303-050600.000,0,431,3065.5,3066.5,3065,3065,678,3065.38790560472,461,217,,
20200303-050700.000,0,475,3065.25,3065.75,3063,3063.25,671,3064.48062593145,349,322,,
20200303-050800.000,0,318,3063.25,3064,3062.75,3063,484,3063.40444214876,199,285,,
20200303-050900.000,0,344,3063,3063.75,3061.75,3062.5,485,3062.69226804124,221,264,,
20200303-051000.000,0,445,3062.5,3062.5,3061.25,3061.75,596,3061.85067114094,315,281,,
20200303-051100.000,0,423,3061.75,3064.5,3061.5,3063,536,3063.02425373134,201,335,,
20200303-051200.000,0,276,3063.25,3064.75,3063,3063.5,366,3063.78551912568,163,203,,
20200303-051300.000,0,189,3063.5,3063.75,3062.75,3063,243,3063.23148148148,150,93,,
20200303-051400.000,0,171,3063,3064.5,3063,3063.5,207,3063.6690821256,81,126,,
20200303-051500.000,0,174,3063.75,3064,3062.75,3063,217,3063.43894009217,141,76,,
20200303-051600.000,0,279,3063,3063,3061.25,3061.5,385,3062.0512987013,267,118,,
20200303-051700.000,0,326,3061.5,3061.5,3060,3060.75,416,3060.59375,246,170,,
20200303-051800.000,0,228,3061,3061,3059.5,3060.25,335,3060.31940298508,230,105,,
20200303-051900.000,0,245,3060.25,3062,3060.25,3061,322,3061.28183229814,135,187,,
20200303-052000.000,0,229,3061.25,3061.25,3059,3059.25,270,3059.8787037037,175,95,,
20200303-052100.000,0,207,3059.25,3060.5,3059.25,3060,239,3059.78347280335,110,129,,
20200303-052200.000,0,254,3060.25,3061.25,3059.5,3060.25,324,3060.23456790123,151,173,,
20200303-052300.000,0,167,3060.5,3061.5,3060.25,3061.5,202,3060.92821782178,101,101,,
20200303-052400.000,0,281,3061.5,3062.25,3060.75,3062,335,3061.49029850746,156,179,,
20200303-052500.000,0,187,3061.75,3062.75,3061.5,3062,253,3062.12154150198,99,154,,
20200303-052600.000,0,105,3062,3062.5,3061.75,3061.75,151,3061.99503311258,81,70,,
20200303-052700.000,0,423,3062,3063.25,3060,3060.5,563,3061.70559502664,234,329,,
20200303-052800.000,0,193,3060.75,3063,3060.5,3062.5,236,3061.91419491525,89,147,,
20200303-052900.000,0,157,3062.5,3062.5,3061.5,3061.75,208,3062.05889423077,128,80,,
20200303-053000.000,0,523,3061.75,3061.75,3057,3058.5,601,3058.58277870216,343,258,,
20200303-053100.000,0,262,3058.75,3061,3058.5,3060.5,310,3059.74032258065,135,175,,
20200303-053200.000,0,175,3060.5,3061.75,3060,3061,243,3060.80967078189,103,140,,
20200303-053300.000,0,277,3061,3063.5,3061,3062.5,327,3062.33333333333,170,157,,
20200303-053400.000,0,242,3062.5,3063,3061,3061,320,3061.665625,151,169,,
20200303-053500.000,0,440,3061,3062.75,3059,3062.5,620,3060.62137096774,268,352,,
20200303-053600.000,0,348,3062.5,3064.5,3062.5,3063.75,404,3063.8224009901,166,238,,
20200303-053700.000,0,239,3063.5,3063.5,3061.25,3061.75,269,3061.98513011152,157,112,,
20200303-053800.000,0,230,3062,3062.5,3061,3062,307,3061.78094462541,141,166,,
20200303-053900.000,0,76,3062,3062.25,3061.75,3061.75,86,3061.97093023256,48,38,,
20200303-054000.000,0,159,3061.5,3061.75,3060.5,3061.75,183,3060.99180327869,102,81,,
20200303-054100.000,0,118,3061.75,3062.5,3061,3062,127,3061.8562992126,53,74,,
20200303-054200.000,0,172,3062,3063.25,3062,3062.5,215,3062.61279069767,93,122,,
20200303-054300.000,0,97,3062.5,3062.75,3062,3062.5,115,3062.34130434783,59,56,,
20200303-054400.000,0,235,3062.25,3062.25,3060,3061.25,352,3061.40269886364,155,197,,
20200303-054500.000,0,108,3060.75,3061,3060.25,3060.5,118,3060.65042372881,77,41,,
20200303-054600.000,0,269,3060.25,3060.25,3058.5,3058.75,361,3059.37396121884,209,152,,
20200303-054700.000,0,318,3058.75,3059.25,3057,3057.5,398,3057.98680904523,240,158,,
20200303-054800.000,0,343,3057.5,3059.75,3057.25,3058.75,465,3058.75483870968,210,255,,
20200303-054900.000,0,176,3058.75,3058.75,3057.25,3058.5,199,3058.05653266332,106,93,,
20200303-055000.000,0,129,3058.25,3059.25,3058,3058.5,144,3058.59895833333,76,68,,
20200303-055100.000,0,118,3058.5,3059,3057.5,3057.5,146,3058.32020547945,80,66,,
20200303-055200.000,0,127,3057.5,3057.75,3057.25,3057.5,169,3057.5399408284,87,82,,
20200303-055300.000,0,140,3057.5,3059,3057.5,3059,161,3058.56211180124,88,73,,
20200303-055400.000,0,98,3059.25,3059.25,3058.25,3058.75,106,3058.6179245283,45,61,,
20200303-055500.000,0,273,3059,3060.75,3058.75,3060.25,359,3059.9352367688,164,195,,
20200303-055600.000,0,232,3060,3060.5,3058.25,3058.5,288,3059.18489583333,188,100,,
20200303-055700.000,0,115,3058.5,3058.5,3058,3058,143,3058.30244755245,96,47,,
20200303-055800.000,0,594,3057.75,3058,3054.5,3054.75,841,3056.11236623068,575,266,,
20200303-055900.000,0,434,3054.75,3055.5,3054.25,3054.5,575,3054.8747826087,293,282,,
20200303-060000.000,0,942,3054.75,3054.75,3052.25,3053,1318,3053.29874810319,699,619,,
20200303-060100.000,0,939,3052.75,3053.25,3050.25,3050.75,1349,3051.4390289103,774,575,,
20200303-060200.000,0,636,3050.75,3051.5,3049.5,3050.5,979,3050.29085801839,607,372,,
20200303-060300.000,0,324,3050.5,3051,3049.75,3050.75,381,3050.35564304462,182,199,,
20200303-060400.000,0,590,3050.5,3050.5,3047.5,3048.5,857,3048.46207701284,572,285,,
20200303-060500.000,0,663,3048.5,3051,3048.5,3051,931,3050.1820622986,415,516,,
20200303-060600.000,0,340,3050.75,3051,3049,3049,419,3049.89260143198,236,183,,
20200303-060700.000,0,256,3048.75,3050,3048.25,3048.5,291,3048.95790378007,164,127,,
20200303-060800.000,0,289,3048.5,3050.75,3048.5,3049.5,374,3049.80681818182,199,175,,
20200303-060900.000,0,762,3049.5,3050,3045.5,3046,1072,3047.44263059702,802,270,,
20200303-061000.000,0,458,3046,3047.75,3045.75,3046.5,536,3046.73460820896,266,270,,
20200303-061100.000,0,285,3046.5,3048,3046.5,3046.5,356,3047.22752808989,163,193,,
20200303-061200.000,0,204,3046.5,3047.5,3046.5,3047.25,236,3047.12605932203,109,127,,
20200303-061300.000,0,278,3047.25,3048.5,3047,3047.75,421,3047.7393111639,230,191,,
20200303-061400.000,0,333,3047.75,3049.5,3047.75,3049,513,3048.261208577,259,254,,
20200303-061500.000,0,259,3049,3049.25,3047.75,3048.5,321,3048.19781931464,159,162,,
20200303-061600.000,0,151,3048.5,3048.75,3047.25,3047.25,181,3048.07596685083,96,85,,
20200303-061700.000,0,401,3047,3048.5,3046,3047,461,3047.09381778742,309,152,,
20200303-061800.000,0,161,3047,3047,3046,3046.5,224,3046.54017857143,83,141,,
20200303-061900.000,0,177,3046.75,3048,3046.5,3047.5,225,3047.36111111111,101,124,,
20200303-062000.000,0,352,3047.5,3050.25,3047.25,3050,510,3048.50735294118,190,320,,
20200303-062100.000,0,209,3050,3050.5,3049,3050.25,251,3049.71912350598,121,130,,
20200303-062200.000,0,497,3050.25,3054,3050,3053.25,601,3052.00956738769,285,316,,
20200303-062300.000,0,628,3053.25,3055.75,3051.75,3052.75,721,3053.74930651872,329,392,,
20200303-062400.000,0,112,3052.75,3052.75,3051.75,3052,129,3052.36821705426,80,49,,
20200303-062500.000,0,198,3052.25,3052.25,3050.25,3051.5,242,3051.375,145,97,,
20200303-062600.000,0,142,3051.5,3053.25,3051.5,3052.5,162,3052.65740740741,58,104,,
20200303-062700.000,0,129,3052.5,3052.75,3052,3052.75,146,3052.52739726027,99,47,,
20200303-062800.000,0,759,3052.75,3057.5,3052.75,3056,1029,3055.47011661808,464,565,,
20200303-062900.000,0,508,3055.75,3057.75,3055.75,3057.25,707,3056.75565770863,391,316,,
20200303-063000.000,0,259,3057.5,3057.5,3056,3056.5,356,3056.69733146067,172,184,,
20200303-063100.000,0,240,3056.5,3056.5,3055,3056,291,3055.68298969072,139,152,,
20200303-063200.000,0,397,3056,3059,3055.5,3058,534,3057.75327715356,273,261,,
20200303-063300.000,0,138,3057.75,3058.25,3056.25,3056.25,148,3057.13851351351,78,70,,
20200303-063400.000,0,410,3056,3056.25,3053.5,3053.5,691,3055.11758321274,441,250,,
20200303-063500.000,0,826,3053.25,3054,3050.75,3051.75,1311,3052.77841342487,585,726,,
20200303-063600.000,0,285,3051.5,3051.75,3050.25,3051.25,409,3050.85941320293,188,221,,
20200303-063700.000,0,405,3051.25,3053.5,3051,3053,519,3052.20664739884,229,290,,
20200303-063800.000,0,254,3053,3054.25,3052.25,3052.75,324,3053.2237654321,152,172,,
20200303-063900.000,0,159,3052.75,3053.5,3052.25,3053.5,180,3052.81111111111,63,117,,
20200303-064000.000,0,184,3053.25,3054.75,3052.75,3054.5,245,3053.76224489796,95,150,,
20200303-064100.000,0,285,3054.5,3056.25,3053.75,3055.75,340,3055.03161764706,147,193,,
20200303-064200.000,0,436,3056,3058,3055.5,3057,564,3056.98226950355,269,295,,
20200303-064300.000,0,197,3056.75,3057.25,3055.5,3056,284,3056.27112676056,138,146,,
20200303-064400.000,0,236,3056,3056.5,3054.5,3056.5,253,3055.63932806324,123,130,,
20200303-064500.000,0,129,3056.75,3057,3056,3056.5,148,3056.6402027027,81,67,,
20200303-064600.000,0,79,3056.5,3056.5,3056,3056.25,84,3056.23511904762,41,43,,
20200303-064700.000,0,113,3056.25,3057.25,3056.25,3056.75,128,3056.6640625,64,64,,
20200303-064800.000,0,172,3056.75,3056.75,3055,3056.25,185,3055.88108108108,101,84,,
20200303-064900.000,0,118,3056.5,3056.75,3055.75,3056.25,174,3056.21695402299,119,55,,
20200303-065000.000,0,209,3056.5,3058.5,3056.5,3058.25,264,3057.72064393939,107,157,,
20200303-065100.000,0,140,3058.25,3058.25,3056.25,3056.25,169,3057.1701183432,109,60,,
20200303-065200.000,0,122,3056.5,3058,3056.25,3057.75,156,3056.87019230769,59,97,,
20200303-065300.000,0,56,3057.5,3057.5,3057,3057,64,3057.171875,43,21,,
20200303-065400.000,0,182,3057,3057.5,3055.5,3057.5,242,3056.69214876033,144,98,,
20200303-065500.000,0,901,3057.5,3063.75,3057.5,3063.75,1097,3060.86736554239,425,672,,
20200303-065600.000,0,555,3064,3064.25,3061,3062.25,694,3062.5007204611,406,288,,
20200303-065700.000,0,1044,3062.5,3068.5,3061.75,3067.5,1386,3065.79761904762,652,734,,
20200303-065800.000,0,578,3067.75,3071,3067.5,3069.25,693,3069.38528138528,285,408,,
20200303-065900.000,0,395,3069.25,3070.5,3068.5,3070,512,3069.42236328125,252,260,,
20200303-070000.000,0,842,3069.75,3071.75,3066.5,3071,1067,3069.39245548266,508,559,,
20200303-070100.000,0,933,3071.25,3073.75,3070.25,3071,1104,3072.22282608696,509,595,,
20200303-070200.000,0,637,3071.25,3071.5,3068,3070.25,731,3069.9134746922,419,312,,
20200303-070300.000,0,365,3070.25,3071.5,3069,3071.25,448,3070.03738839286,207,241,,
20200303-070400.000,0,483,3071,3071.5,3069.5,3071.5,601,3070.33901830283,275,326,,
20200303-070500.000,0,351,3071.75,3072.5,3069.5,3070.25,408,3070.89460784314,213,195,,
20200303-070600.000,0,453,3070.5,3070.5,3068,3068.5,589,3069.14855687606,322,267,,
20200303-070700.000,0,485,3068.5,3068.5,3066.25,3068.25,598,3067.38461538462,324,274,,
20200303-070800.000,0,297,3068.5,3069,3067.25,3068.75,401,3067.95074812968,200,201,,
20200303-070900.000,0,623,3068.75,3070,3068,3069.5,958,3069.5391440501,340,618,,
20200303-071000.000,0,299,3069.5,3070,3068.75,3069.75,434,3069.39919354839,197,237,,
20200303-071100.000,0,701,3070,3073,3069,3069.75,867,3070.93194925029,395,472,,
20200303-071200.000,0,211,3069.75,3070.75,3069,3069.25,277,3069.98104693141,135,142,,
20200303-071300.000,0,698,3069.5,3074.75,3069.5,3073.75,973,3072.66752312436,429,544,,
20200303-071400.000,0,1276,3073.75,3077.5,3072,3075.75,1621,3075.01280074028,789,832,,
20200303-071500.000,0,646,3075.75,3075.75,3072,3075,762,3073.88549868766,386,376,,
20200303-071600.000,0,373,3075,3075.5,3073.5,3073.5,439,3074.4874715262,238,201,,
20200303-071700.000,0,323,3073.25,3073.5,3071.75,3072.5,361,3072.75692520776,172,189,,
20200303-071800.000,0,166,3072.5,3073,3072,3072.75,201,3072.64552238806,93,108,,
20200303-071900.000,0,475,3072.75,3072.75,3069.75,3071.75,726,3070.97004132231,371,355,,
20200303-072000.000,0,287,3072,3072,3070.75,3070.75,356,3071.38132022472,162,194,,
20200303-072100.000,0,272,3070.75,3071,3069.25,3069.25,354,3069.9209039548,185,169,,
20200303-072200.000,0,749,3069.5,3071.25,3068.5,3069.5,1196,3069.64820234114,556,640,,
20200303-072300.000,0,259,3069.75,3070,3068,3069.5,313,3069.09744408946,139,174,,
20200303-072400.000,0,250,3069.75,3070.75,3069.25,3070.25,315,3069.89761904762,122,193,,
20200303-072500.000,0,493,3070,3070.5,3067.75,3068.5,648,3068.87075617284,277,371,,
20200303-072600.000,0,577,3068.5,3071.25,3067.25,3070.75,763,3069.29259501966,294,469,,
20200303-072700.000,0,506,3070.75,3073,3070.75,3071.5,599,3072.07595993322,264,335,,
20200303-072800.000,0,554,3071.75,3073.25,3071,3072.5,877,3072.05729760547,440,437,,
20200303-072900.000,0,454,3072.5,3072.5,3069.25,3070.5,534,3070.43586142322,282,252,,
20200303-073000.000,0,458,3070.5,3071,3067.75,3068.25,601,3069.43344425957,309,292,,
20200303-073100.000,0,437,3068.5,3069.25,3067.25,3067.5,587,3067.95272572402,292,295,,
20200303-073200.000,0,528,3067.5,3068,3066.75,3067.75,661,3067.40620272315,356,305,,
20200303-073300.000,0,611,3067.75,3068.75,3066.5,3067.5,802,3067.3569201995,380,422,,
20200303-073400.000,0,828,3067.5,3067.5,3063.25,3064.5,1084,3064.71725092251,648,436,,
20200303-073500.000,0,549,3064.5,3066,3062.75,3063,718,3063.99059888579,346,372,,
20200303-073600.000,0,360,3063,3065,3062.75,3063.5,434,3063.93605990783,181,253,,
20200303-073700.000,0,316,3063.5,3064,3062.25,3063.5,421,3062.9809976247,204,217,,
20200303-073800.000,0,367,3063.5,3066,3063.5,3063.75,435,3064.70114942529,179,256,,
20200303-073900.000,0,683,3063.75,3063.75,3060.25,3062.75,889,3061.98959505062,454,435,,
20200303-074000.000,0,496,3063,3065,3062.5,3064.75,682,3063.52565982405,320,362,,
20200303-074100.000,0,1295,3064.5,3069,3064.5,3066.75,1598,3066.41645807259,793,805,,
20200303-074200.000,0,217,3066.75,3067,3065.75,3066.5,235,3066.42021276596,125,110,,
20200303-074300.000,0,349,3066.75,3068.75,3066.75,3067.75,507,3067.99211045365,295,212,,
20200303-074400.000,0,696,3067.75,3071,3067.5,3067.75,879,3068.98577929465,425,454,,
20200303-074500.000,0,270,3067.75,3068.5,3067.25,3067.25,345,3067.86304347826,219,126,,
20200303-074600.000,0,602,3067.25,3067.25,3062.75,3063,719,3065.04137691238,420,299,,
20200303-074700.000,0,240,3063.25,3064.5,3062.75,3064.5,296,3063.69003378378,115,181,,
20200303-074800.000,0,244,3064.25,3065.25,3063.5,3064.25,303,3064.26815181518,124,179,,
20200303-074900.000,0,366,3064.25,3064.25,3062,3062.75,465,3062.91129032258,287,178,,
20200303-075000.000,0,187,3062.75,3064.5,3062.5,3064,225,3063.71111111111,92,133,,
20200303-075100.000,0,439,3064,3068,3063.75,3066.75,519,3065.67870905588,206,313,,
20200303-075200.000,0,240,3066.5,3066.5,3064.5,3065,282,3065.10726950355,188,94,,
20200303-075300.000,0,246,3065,3065.25,3063.25,3065.25,285,3064.37631578947,132,153,,
20200303-075400.000,0,343,3065.25,3067.25,3065.25,3066.5,419,3066.16050119332,188,231,,
20200303-075500.000,0,237,3066.25,3067.75,3066,3067.25,368,3066.93885869565,191,177,,
20200303-075600.000,0,448,3067.25,3070.25,3067.25,3070,524,3069.06965648855,220,304,,
20200303-075700.000,0,616,3070,3070.75,3067.5,3068.25,779,3068.87612323492,414,365,,
20200303-075800.000,0,438,3068.5,3072.5,3068.5,3072,568,3070.69410211268,228,340,,
20200303-075900.000,0,945,3072,3074.5,3071.5,3074,1228,3073.08061889251,515,713,,
20200303-080000.000,0,1650,3073.75,3074,3070,3071.75,1881,3072.06831472621,918,963,,
20200303-080100.000,0,877,3072,3074.5,3071.75,3072.5,1184,3073.26372466216,588,596,,
20200303-080200.000,0,822,3072.75,3072.75,3069.25,3070.25,986,3070.98859026369,543,443,,
20200303-080300.000,0,705,3070.25,3073.25,3070.25,3071.5,926,3071.80831533477,507,419,,
20200303-080400.000,0,955,3071.5,3073.75,3070.5,3071.5,1247,3071.94306335205,663,584,,
20200303-080500.000,0,1199,3071.5,3072,3067,3067.25,1589,3068.65088105727,907,682,,
20200303-080600.000,0,798,3067.25,3069.5,3065,3065.75,1117,3067.50290957923,569,548,,
20200303-080700.000,0,752,3065.5,3066.75,3062.5,3062.75,1164,3064.11318728522,508,656,,
20200303-080800.000,0,1142,3063,3064.5,3058.5,3062.75,1555,3061.46511254019,798,757,,
20200303-080900.000,0,739,3062.75,3065.75,3061.75,3064.5,957,3064.0671368861,454,503,,
20200303-081000.000,0,675,3064.5,3068.25,3063.5,3068.25,915,3065.74234972678,383,532,,
20200303-081100.000,0,1045,3068,3072.75,3067.75,3070.75,1390,3070.39910071942,670,720,,
20200303-081200.000,0,1365,3071,3077.25,3070.25,3076.5,1775,3074.42929577465,686,1089,,
20200303-081300.000,0,1348,3076.25,3079.25,3075,3078.75,1932,3077.36827122153,988,944,,
20200303-081400.000,0,1585,3078.5,3082.5,3076.25,3082,2063,3079.15559864275,893,1170,,
20200303-081500.000,0,1698,3082,3083,3077.75,3080.75,2106,3080.41785375119,983,1123,,
20200303-081600.000,0,1270,3080.75,3084.75,3080.25,3084,1615,3082.66408668731,741,874,,
20200303-081700.000,0,2065,3084.25,3089.25,3083.5,3087.25,2754,3086.33814451707,1195,1559,,
20200303-081800.000,0,1046,3087.5,3087.75,3083.75,3084.75,1232,3085.11323051948,623,609,,
20200303-081900.000,0,1101,3084.75,3088.5,3084.25,3088.25,1587,3086.1570573409,694,893,,
20200303-082000.000,0,1057,3088.25,3088.25,3085.25,3087,1421,3086.47888810697,740,681,,
20200303-082100.000,0,961,3087,3089,3085.25,3088.75,1452,3086.91442837466,540,912,,
20200303-082200.000,0,1658,3088.5,3091.5,3086.5,3087.75,2588,3089.34862828439,1261,1327,,
20200303-082300.000,0,662,3088,3089.75,3086.5,3088.75,798,3088.28978696742,406,392,,
20200303-082400.000,0,694,3088.5,3089.25,3086.75,3088.75,966,3088.15967908903,451,515,,
20200303-082500.000,0,821,3088.75,3089,3085.75,3086.5,1062,3087.36581920904,631,431,,
20200303-082600.000,0,715,3086.25,3087.75,3085,3085.25,841,3086.13912009513,430,411,,
20200303-082700.000,0,840,3085,3086,3083.75,3084.75,1221,3084.70515970516,742,479,,
20200303-082800.000,0,549,3084.75,3085,3083,3084,745,3083.89530201342,461,284,,
20200303-082900.000,0,789,3084,3084.5,3082.75,3082.75,1317,3083.49658314351,482,835,,
20200303-083000.000,0,1003,3083,3085.75,3082.5,3083.5,1296,3083.95196759259,650,646,,
20200303-083100.000,0,855,3083.5,3087,3083,3086.5,1289,3084.85880527541,407,882,,
20200303-083200.000,0,1177,3086.5,3089.75,3084.75,3089.75,1496,3087.55748663102,764,732,,
20200303-083300.000,0,988,3089.75,3090.25,3086.75,3089.75,1365,3088.6793040293,609,756,,
20200303-083400.000,0,1186,3089.5,3092.75,3089.5,3091.75,1556,3091.57471079692,626,930,,
20200303-083500.000,0,629,3091.5,3093,3089.75,3092.75,854,3091.55884074941,355,499,,
20200303-083600.000,0,850,3092.75,3094.75,3091.5,3094.5,1019,3092.92688910697,417,602,,
20200303-083700.000,0,956,3094.5,3095.5,3093.25,3094.75,1590,3094.54622641509,708,882,,
20200303-083800.000,0,938,3094.75,3096.25,3094.5,3095.75,1383,3095.37472885033,616,767,,
20200303-083900.000,0,1432,3095.75,3098.75,3095.25,3095.5,2295,3097.18540305011,1082,1213,,
20200303-084000.000,0,972,3095.75,3096.5,3094.75,3095,1425,3095.37350877193,811,614,,
20200303-084100.000,0,691,3095.25,3097,3095,3095.75,869,3096.09464902186,439,430,,
20200303-084200.000,0,841,3096,3098.25,3094.75,3098,1102,3096.85480943739,442,660,,
20200303-084300.000,0,1783,3097.75,3099.75,3097,3098.5,3045,3098.67791461412,1428,1617,,
20200303-084400.000,0,949,3098.25,3098.75,3094.75,3096,1513,3096.34484467945,942,571,,
20200303-084500.000,0,798,3096,3096.25,3093.25,3093.25,1153,3094.4696444059,602,551,,
20200303-084600.000,0,1251,3093.25,3094,3090.5,3093.75,1590,3092.35314465409,893,697,,
20200303-084700.000,0,761,3093.5,3095.5,3092,3095.25,918,3093.80283224401,421,497,,
20200303-084800.000,0,1464,3095.25,3096.25,3090.75,3092,2274,3093.48746701847,1093,1181,,
20200303-084900.000,0,856,3092,3092.75,3090.25,3090.75,1185,3091.55738396625,527,658,,
20200303-085000.000,0,1149,3090.75,3091.25,3087.25,3088.25,1905,3089.72545931759,1199,706,,
20200303-085100.000,0,1269,3088.25,3089.25,3086.25,3088.25,2236,3087.49642218247,837,1399,,
20200303-085200.000,0,481,3088,3088.5,3086.5,3087,611,3087.42266775777,346,265,,
20200303-085300.000,0,376,3087,3087.5,3086,3086.25,522,3086.74808429119,296,226,,
20200303-085400.000,0,521,3086.5,3087,3084,3084.25,707,3085.25388967468,489,218,,
20200303-085500.000,0,691,3084.25,3085.5,3082.75,3085.5,911,3084.3710208562,486,425,,
20200303-085600.000,0,711,3085.75,3086.75,3084.5,3085.75,929,3085.54117330463,500,429,,
20200303-085700.000,0,409,3085.75,3085.75,3083,3084.25,492,3083.9618902439,284,208,,
20200303-085800.000,0,559,3084,3087,3083.75,3085.75,651,3085.52419354839,342,309,,
20200303-085900.000,0,770,3085.75,3089,3085.75,3086,955,3087.16308900524,462,493,,
20200303-090000.000,0,906,3086,3086.25,3083.75,3084.5,1167,3085.1705227078,676,491,,
20200303-090100.000,0,920,3084.5,3085.25,3080.75,3081,1373,3082.98452294246,861,512,,
20200303-090200.000,0,708,3080.75,3082.5,3080.75,3082.25,846,3081.57771867612,430,416,,
20200303-090300.000,0,492,3082.25,3083.5,3081.5,3081.75,596,3082.41149328859,269,327,,
20200303-090400.000,0,532,3081.75,3082,3080,3080.5,655,3080.95458015267,372,283,,
20200303-090500.000,0,710,3080.5,3082,3079.5,3080.75,1168,3081.1977739726,455,713,,
20200303-090600.000,0,641,3080.75,3082,3080.75,3081.75,1225,3081.45448979592,346,879,,
20200303-090700.000,0,652,3081.75,3082,3080.75,3081.5,1027,3081.66747809153,379,648,,
20200303-090800.000,0,549,3081.5,3082,3078.5,3080.75,839,3080.64302741359,427,412,,
20200303-090900.000,0,998,3080.75,3085.25,3080.5,3083.5,1399,3082.79092208721,502,897,,
20200303-091000.000,0,640,3083.5,3085.25,3083.5,3084.5,902,3084.44955654102,482,420,,
20200303-091100.000,0,677,3084.75,3086.75,3084.25,3085,901,3085.42397336293,418,483,,
20200303-091200.000,0,1047,3085,3090.25,3084.5,3089.25,1508,3088.03614058355,616,892,,
20200303-091300.000,0,546,3089.5,3089.75,3086.5,3088.75,711,3088.17299578059,390,321,,
20200303-091400.000,0,449,3088.75,3090.5,3087.5,3089,573,3089.18848167539,273,300,,
20200303-091500.000,0,673,3089.25,3092.25,3089.25,3092,872,3090.73021788991,442,430,,
20200303-091600.000,0,1024,3092,3092.75,3089.75,3089.75,1524,3091.29002624672,892,632,,
20200303-091700.000,0,704,3089.75,3091,3088,3091,889,3089.0227784027,387,502,,
20200303-091800.000,0,419,3090.75,3091.75,3089.75,3089.75,556,3090.9118705036,251,305,,
20200303-091900.000,0,224,3090,3091.5,3090,3091.25,264,3090.69981060606,92,172,,
20200303-092000.000,0,514,3091,3093,3090.25,3092.25,665,3091.81992481203,323,342,,
20200303-092100.000,0,405,3092.25,3093.25,3091.25,3093,488,3092.25665983607,233,255,,
20200303-092200.000,0,467,3093,3093.25,3089.75,3090.5,647,3091.88639876352,383,264,,
20200303-092300.000,0,540,3090.25,3090.5,3089,3089.75,651,3089.66397849462,333,318,,
20200303-092400.000,0,615,3089.5,3089.75,3085.5,3086,873,3087.60395189003,458,415,,
20200303-092500.000,0,615,3086.25,3088,3086,3087.25,775,3087.01064516129,361,414,,
20200303-092600.000,0,363,3087.25,3087.5,3085,3085.5,438,3085.90011415525,213,225,,
20200303-092700.000,0,356,3085.75,3086.75,3085.5,3086,434,3086.16820276498,206,228,,
20200303-092800.000,0,531,3086,3088,3085.25,3087,718,3086.48119777159,310,408,,
20200303-092900.000,0,250,3087,3087.25,3086,3086.5,329,3086.47416413374,165,164,,
20200303-093000.000,0,710,3086.75,3087.25,3083.5,3084.5,1003,3085.34945164506,551,452,,
20200303-093100.000,0,429,3084.25,3085.5,3083.25,3084.5,512,3084.09814453125,265,247,,
20200303-093200.000,0,768,3084.5,3089,3084.5,3088.25,1095,3086.90136986301,394,701,,
20200303-093300.000,0,690,3088,3092,3088,3091.5,873,3090.15435280642,379,494,,
20200303-093400.000,0,592,3091.5,3092.25,3090,3090,802,3091.3756234414,398,404,,
20200303-093500.000,0,649,3090.25,3091.25,3089,3089.75,768,3090.11555989583,373,395,,
20200303-093600.000,0,405,3089.5,3089.5,3086.75,3087.25,582,3088.24957044674,313,269,,
20200303-093700.000,0,500,3087.25,3090.5,3087,3089.75,648,3089.07638888889,288,360,,
20200303-093800.000,0,561,3090,3092.75,3089.25,3091.75,677,3091.16802067947,310,367,,
20200303-093900.000,0,801,3092,3093,3089.25,3090.5,998,3091.21618236473,525,473,,
20200303-094000.000,0,577,3090.5,3092.75,3088.5,3092,685,3090.71094890511,334,351,,
20200303-094100.000,0,516,3092,3094.75,3091.75,3093.75,631,3093.63034865293,239,392,,
20200303-094200.000,0,678,3093.75,3095.5,3093.5,3093.75,1115,3094.47488789238,436,679,,
20200303-094300.000,0,421,3093.5,3093.5,3092.25,3093,517,3093.0333655706,246,271,,
20200303-094400.000,0,531,3093,3094.75,3091,3094.25,629,3092.56319554849,286,343,,
20200303-094500.000,0,448,3094.25,3094.25,3092.25,3092.75,527,3092.95398481973,251,276,,
20200303-094600.000,0,292,3092.75,3093.75,3091.75,3093.5,340,3092.85441176471,189,151,,
20200303-094700.000,0,1225,3093.5,3098.5,3093.5,3097.75,2311,3097.01633491995,1227,1084,,
20200303-094800.000,0,493,3097.25,3097.5,3095.75,3096.75,647,3096.59544049459,358,289,,
20200303-094900.000,0,498,3097,3098.5,3097,3097.75,703,3097.84459459459,255,448,,
20200303-095000.000,0,524,3098,3098.75,3096.75,3097.25,730,3097.79623287671,391,339,,
20200303-095100.000,0,503,3097.5,3099.25,3096.5,3099.25,803,3098.33779576588,299,504,,
20200303-095200.000,0,511,3099.25,3099.5,3097,3097.25,702,3098.02777777778,340,362,,
20200303-095300.000,0,576,3097,3098,3096,3097.25,719,3097.10709318498,365,354,,
20200303-095400.000,0,565,3097,3097,3094.5,3096,719,3095.8685674548,369,350,,
20200303-095500.000,0,883,3096,3096.25,3092,3095.25,1150,3094.30434782609,677,473,,
20200303-095600.000,0,1349,3095.25,3095.25,3091,3092.25,1817,3092.84658778206,972,845,,
20200303-095700.000,0,557,3092.25,3093.5,3091.75,3093.5,1027,3092.5988315482,339,688,,
20200303-095800.000,0,494,3093.25,3095.25,3093,3094.5,886,3094.28442437923,231,655,,
20200303-095900.000,0,614,3094.25,3098,3093.75,3097,1005,3096.88134328358,507,498,,
20200303-100000.000,0,654,3097.25,3098.5,3095.75,3097.5,791,3097.20322376738,380,411,,
20200303-100100.000,0,1200,3097.5,3100,3097.5,3099.25,3004,3099.64297603196,1277,1727,,
20200303-100200.000,0,598,3099,3099.5,3098.5,3099,1214,3098.9120675453,582,632,,
20200303-100300.000,0,400,3098.75,3099.5,3097.5,3097.5,746,3098.96112600536,366,380,,
20200303-100400.000,0,697,3097.25,3099.25,3096.25,3098.75,1084,3097.93334870849,489,595,,
20200303-100500.000,0,735,3098.5,3100,3098,3098,1130,3098.95066371681,552,578,,
20200303-100600.000,0,900,3098,3098,3094.5,3095,1194,3095.84840871022,688,506,,
20200303-100700.000,0,679,3095,3095,3092.25,3093.25,1017,3093.4331366765,483,534,,
20200303-100800.000,0,581,3093.25,3094.5,3091.25,3091.5,713,3092.55785413745,407,306,,
20200303-100900.000,0,365,3091.5,3093.25,3091,3092.75,427,3092.30210772834,216,211,,
20200303-101000.000,0,828,3093,3094.75,3091.75,3094,1624,3093.46259236453,534,1090,,
20200303-101100.000,0,368,3094,3094.75,3092.5,3092.5,593,3093.89586846543,203,390,,
20200303-101200.000,0,342,3092.75,3094.5,3091.75,3094.5,419,3092.86813842482,186,233,,
20200303-101300.000,0,380,3094.25,3094.25,3091.5,3091.5,630,3092.93968253968,392,238,,
20200303-101400.000,0,504,3091.5,3092.25,3089.5,3091,585,3090.45854700855,313,272,,
20200303-101500.000,0,688,3091.25,3093,3091,3091.75,1006,3091.82604373758,430,576,,
20200303-101600.000,0,374,3092,3094,3091,3093,461,3092.59869848156,225,236,,
20200303-101700.000,0,246,3092.75,3093.25,3091.75,3092.5,325,3092.43769230769,180,145,,
20200303-101800.000,0,346,3092.25,3094.75,3092.25,3094.25,402,3093.49751243781,207,195,,
20200303-101900.000,0,517,3094,3096.75,3093.75,3095,786,3095.71246819338,470,316,,
20200303-102000.000,0,587,3095,3095.5,3092.5,3093.5,785,3093.66082802548,431,354,,
20200303-102100.000,0,497,3093.5,3093.75,3092,3093,639,3092.93544600939,316,323,,
20200303-102200.000,0,99,3092.75,3094,3092.75,3094,107,3093.19626168224,51,56,,
20200303-102300.000,0,251,3094,3095.5,3093.75,3095.25,267,3094.57397003745,104,163,,
20200303-102400.000,0,383,3095.25,3096.75,3094.5,3095,474,3095.61445147679,203,271,,
20200303-102500.000,0,601,3095,3097.5,3095,3095.5,888,3096.49155405405,402,486,,
20200303-102600.000,0,322,3095.75,3096,3094,3094.25,449,3094.90534521158,228,221,,
20200303-102700.000,0,279,3094.25,3095.5,3093.5,3095.5,378,3094.35846560847,151,227,,
20200303-102800.000,0,327,3095.5,3095.75,3095.25,3095.5,482,3095.53838174274,181,301,,
20200303-102900.000,0,527,3095.5,3097,3094.75,3095.25,647,3095.95710973725,323,324,,
20200303-103000.000,0,328,3095.25,3097,3094.5,3096.25,396,3095.52146464646,219,177,,
20200303-103100.000,0,371,3096.5,3097.5,3095.25,3096.75,481,3096.52182952183,249,232,,
20200303-103200.000,0,466,3097,3097,3095.25,3096.5,660,3096.03257575758,270,390,,
20200303-103300.000,0,529,3096.25,3098,3096,3097.75,644,3097.2426242236,260,384,,
20200303-103400.000,0,1096,3097.5,3097.75,3092,3093,1802,3093.90274694784,941,861,,
20200303-103500.000,0,799,3093.25,3093.75,3091,3092,1039,3092.24278152069,576,463,,
20200303-103600.000,0,540,3092,3093.5,3090,3090.75,704,3091.41867897727,420,284,,
20200303-103700.000,0,216,3090.75,3091.75,3090.5,3091.25,245,3091.17755102041,118,127,,
20200303-103800.000,0,531,3091.25,3092.5,3090.25,3092.5,766,3091.49640992167,296,470,,
20200303-103900.000,0,906,3092.5,3094.5,3090.5,3093.5,1180,3092.53961864407,702,478,,
20200303-104000.000,0,267,3093.5,3094.25,3093,3093.5,307,3093.72882736156,151,156,,
20200303-104100.000,0,487,3093.25,3093.25,3090,3091.75,602,3091.55813953488,298,304,,
20200303-104200.000,0,348,3091.75,3092.75,3091.25,3092.25,483,3091.89648033126,233,250,,
20200303-104300.000,0,448,3092.25,3092.5,3090.25,3090.5,788,3091.09422588832,373,415,,
20200303-104400.000,0,367,3090.75,3091.75,3090.25,3091,547,3090.81032906764,198,349,,
20200303-104500.000,0,545,3091,3093.25,3090.5,3092.5,676,3092.14903846154,329,347,,
20200303-104600.000,0,350,3092.5,3093.5,3091.25,3091.25,427,3092.71370023419,218,209,,
20200303-104700.000,0,379,3091.5,3093.5,3091.25,3093.25,454,3092.14922907489,193,261,,
20200303-104800.000,0,378,3093.25,3094.5,3092.5,3093.25,459,3093.40305010893,240,219,,
20200303-104900.000,0,665,3093,3093.25,3090.75,3092.25,875,3091.93857142857,484,391,,
20200303-105000.000,0,511,3092,3092.25,3091,3092,941,3091.53374070138,559,382,,
20200303-105100.000,0,200,3092.25,3092.5,3091,3092.25,277,3091.73104693141,150,127,,
20200303-105200.000,0,758,3092.25,3092.75,3090.25,3091.75,1038,3091.63656069364,562,476,,
20200303-105300.000,0,753,3091.75,3093.5,3091.25,3093.25,1135,3092.53127753304,479,656,,
20200303-105400.000,0,534,3093.25,3094.75,3093,3094.25,647,3094.08655332303,263,384,,
20200303-105500.000,0,555,3094.5,3095.5,3092.75,3093,733,3094.01125511596,405,328,,
20200303-105600.000,0,419,3093,3093.25,3091.75,3093.25,540,3092.39444444444,293,247,,
20200303-105700.000,0,652,3093,3094,3091.5,3091.5,978,3093.0081799591,533,445,,
20200303-105800.000,0,850,3091.25,3094.25,3090.75,3094,1456,3092.8231456044,808,648,,
20200303-105900.000,0,511,3093.75,3095.5,3093,3094.75,1034,3094.62354932302,510,524,,
20200303-110000.000,0,272,3094.75,3095,3092.5,3092.75,339,3093.71533923304,168,171,,
20200303-110100.000,0,271,3093,3093.5,3092.5,3093,394,3093.07994923858,262,132,,
20200303-110200.000,0,1879,3093.25,3093.25,3088,3089.25,2733,3090.22383827296,1520,1213,,
20200303-110300.000,0,892,3089.25,3090.25,3087.5,3088.75,1175,3088.80361702128,581,594,,
20200303-110400.000,0,500,3088.5,3089,3086.75,3088.5,593,3087.82124789207,310,283,,
20200303-110500.000,0,1012,3088.5,3090.75,3088,3088.5,1370,3089.42135036496,707,663,,
20200303-110600.000,0,715,3088.25,3089.25,3086.75,3089,1153,3088.24913269731,686,467,,
20200303-110700.000,0,1429,3089.25,3089.25,3083.25,3084.25,1692,3085.35653073286,1082,610,,
20200303-110800.000,0,1844,3084,3084.25,3079,3081.5,2786,3081.43108399139,1487,1299,,
20200303-110900.000,0,934,3081.25,3084.5,3080.75,3083.25,1258,3082.41554054054,583,675,,
20200303-111000.000,0,790,3083,3083.5,3080.25,3082,1030,3081.91310679612,507,523,,
20200303-111100.000,0,351,3082,3083,3081.25,3081.75,430,3082.17674418605,270,160,,
20200303-111200.000,0,1235,3081.75,3081.75,3075.5,3076.5,1647,3078.12446873103,1039,608,,
20200303-111300.000,0,2296,3076.5,3083.25,3075.5,3081.5,3034,3080.85266974291,1544,1490,,
20200303-111400.000,0,876,3081.25,3082.5,3080.25,3082.5,1157,3081.55812445981,707,450,,
20200303-111500.000,0,837,3082.5,3082.5,3079.25,3082.5,1116,3080.91913082437,626,490,,
20200303-111600.000,0,398,3082.25,3083,3080.75,3081.75,586,3082.06783276451,332,254,,
20200303-111700.000,0,384,3081.75,3082.25,3079.75,3080,477,3081.16404612159,284,193,,
20200303-111800.000,0,620,3080,3081,3077.75,3079.5,784,3079.32302295918,455,329,,
20200303-111900.000,0,597,3079.5,3083,3079.5,3082.75,762,3081.47014435696,337,425,,
20200303-112000.000,0,705,3082.5,3085,3081.5,3084.25,918,3083.62935729848,426,492,,
20200303-112100.000,0,371,3084,3084,3082.5,3083,520,3083.22355769231,267,253,,
20200303-112200.000,0,595,3083,3085.5,3082,3083.75,789,3083.87864385298,411,378,,
20200303-112300.000,0,426,3084,3084.75,3082.75,3083,543,3083.77762430939,279,264,,
20200303-112400.000,0,1396,3082.75,3084,3078.25,3079.25,1958,3081.24297752809,1067,891,,
20200303-112500.000,0,928,3079.25,3080,3076.25,3077.5,1143,3077.83355205599,547,596,,
20200303-112600.000,0,1315,3077.5,3077.75,3073.25,3074.25,1645,3074.91306990881,953,692,,
20200303-112700.000,0,1581,3074.25,3079.75,3074,3078,2262,3076.93446065429,1104,1158,,
20200303-112800.000,0,566,3077.75,3078.75,3076,3076.75,802,3077.42487531172,483,319,,
20200303-112900.000,0,460,3076.75,3077.25,3075.75,3077.25,642,3076.56970404984,313,329,,
20200303-113000.000,0,578,3077.5,3079,3077,3078.25,730,3078.12602739726,328,402,,
20200303-113100.000,0,727,3078.25,3081.75,3078.25,3081,1109,3080.2711902615,509,600,,
20200303-113200.000,0,645,3080.75,3083.25,3080.75,3082.5,848,3082.07900943396,378,470,,
20200303-113300.000,0,680,3082.5,3083.5,3080.5,3081,965,3082.32694300518,525,440,,
20200303-113400.000,0,400,3081.25,3082.25,3080.25,3081.5,561,3081.50356506239,292,269,,
20200303-113500.000,0,328,3081.75,3082.25,3080.75,3081.25,400,3081.265625,218,182,,
20200303-113600.000,0,331,3081.25,3083.25,3080.75,3083,444,3082.13513513514,154,290,,
20200303-113700.000,0,521,3082.75,3082.75,3080.5,3081.75,682,3081.32771260997,374,308,,
20200303-113800.000,0,274,3081.75,3082.25,3080.5,3080.75,394,3081.54695431472,169,225,,
20200303-113900.000,0,719,3080.75,3081.75,3077.75,3078.25,1221,3079.97604422604,752,469,,
20200303-114000.000,0,610,3078.5,3080,3077.75,3079.25,878,3078.89179954442,384,494,,
20200303-114100.000,0,476,3079,3079.75,3076.75,3077.5,643,3078.01166407465,434,209,,
20200303-114200.000,0,779,3077.5,3077.75,3074.5,3074.75,954,3076.00131027254,538,416,,
20200303-114300.000,0,485,3074.75,3077.25,3074.25,3077,734,3075.72922343324,270,464,,
20200303-114400.000,0,452,3077,3078.75,3076.75,3078,603,3077.67578772803,264,339,,
20200303-114500.000,0,514,3078.25,3079.75,3076,3076.25,671,3077.89791356185,371,300,,
20200303-114600.000,0,291,3076.25,3077.25,3075.25,3077.25,371,3076.12803234501,166,205,,
20200303-114700.000,0,633,3077.5,3080.75,3077.25,3080,869,3079.36622554661,405,464,,
20200303-114800.000,0,337,3080,3080,3078.75,3080,390,3079.57051282051,182,208,,
20200303-114900.000,0,560,3079.75,3080,3076,3076.25,740,3078.31452702703,476,264,,
20200303-115000.000,0,396,3076.5,3078.75,3076.25,3078.75,500,3077.2505,236,264,,
20200303-115100.000,0,262,3078.5,3079.25,3077.75,3077.75,319,3078.42476489028,151,168,,
20200303-115200.000,0,589,3077.5,3079.75,3076.75,3078.25,885,3078.15056497175,384,501,,
20200303-115300.000,0,365,3078.25,3078.5,3076.75,3077.5,436,3077.75573394495,235,201,,
20200303-115400.000,0,259,3077.5,3077.75,3076.75,3077.25,348,3077.2650862069,178,170,,
20200303-115500.000,0,288,3077.25,3078.5,3077,3078.5,427,3077.60655737705,209,218,,
20200303-115600.000,0,203,3078.25,3079,3077.75,3077.75,292,3078.13356164384,154,138,,
20200303-115700.000,0,357,3078,3078,3074.75,3075.75,471,3076.09182590234,299,172,,
20200303-115800.000,0,294,3075.75,3078.5,3075.25,3078.5,343,3077.12317784257,132,211,,
20200303-115900.000,0,479,3078.5,3079,3075.5,3076,713,3077.68758765778,419,294,,
20200303-120000.000,0,565,3076.25,3078.75,3076.25,3078.5,807,3078.00557620818,398,409,,
20200303-120100.000,0,436,3078.5,3080,3078,3080,636,3078.74842767296,345,291,,
20200303-120200.000,0,675,3080,3082.5,3079.75,3081.25,906,3081.3912803532,418,488,,
20200303-120300.000,0,739,3081.25,3083,3080.75,3081.5,903,3081.71926910299,478,425,,
20200303-120400.000,0,447,3081.5,3082.5,3080.75,3082,600,3081.49875,273,327,,
20200303-120500.000,0,821,3082.25,3083.25,3078.75,3078.75,1032,3081.58696705426,527,505,,
20200303-120600.000,0,1052,3078.75,3079.5,3076.25,3077,1352,3077.85780325444,778,574,,
20200303-120700.000,0,344,3077.25,3079.25,3077,3079,439,3078.26366742597,225,214,,
20200303-120800.000,0,434,3079,3079.75,3076.75,3077.25,591,3078.23604060914,373,218,,
20200303-120900.000,0,1128,3077.25,3084.5,3077,3083.5,1827,3081.2074438971,898,929,,
20200303-121000.000,0,1105,3083.5,3086.25,3081.25,3085.25,1514,3083.98183619551,797,717,,
20200303-121100.000,0,1220,3085.5,3088,3084.75,3085.75,1548,3086.16246770026,670,878,,
20200303-121200.000,0,611,3085.75,3088,3085,3087.5,751,3086.59021304927,272,479,,
20200303-121300.000,0,947,3087.75,3089,3087,3088,1400,3088.00267857143,768,632,,
20200303-121400.000,0,549,3088,3088,3085,3086.25,676,3086.30658284024,351,325,,
20200303-121500.000,0,315,3086.25,3086.75,3084.5,3085.25,418,3085.31638755981,196,222,,
20200303-121600.000,0,456,3085.25,3087.75,3084.75,3087.25,523,3086.4775334608,206,317,,
20200303-121700.000,0,430,3087,3087.5,3084.75,3085,546,3085.90613553114,269,277,,
20200303-121800.000,0,301,3085.25,3086,3084.25,3084.75,371,3084.93396226415,210,161,,
20200303-121900.000,0,365,3084.75,3087.25,3084.5,3085.75,499,3086.17735470942,241,258,,
20200303-122000.000,0,470,3086,3086,3083,3083.75,585,3084.40555555556,355,230,,
20200303-122100.000,0,1236,3083.75,3088,3083.25,3086,1667,3085.83683263347,831,836,,
20200303-122200.000,0,399,3086,3087.5,3085.25,3086.25,504,3086.64682539683,294,210,,
20200303-122300.000,0,418,3086.25,3087.5,3085.25,3087.25,549,3086.09289617486,264,285,,
20200303-122400.000,0,507,3087,3088.25,3085.75,3087,640,3087.17109375,334,306,,
20200303-122500.000,0,531,3086.75,3087.75,3084.75,3085,620,3086.58951612903,373,247,,
20200303-122600.000,0,308,3085,3086,3084.75,3085.5,485,3085.44845360825,286,199,,
20200303-122700.000,0,467,3085.5,3088.75,3085,3088.25,610,3087.07663934426,215,395,,
20200303-122800.000,0,479,3088.25,3089.25,3087.5,3087.75,575,3088.45173913044,286,289,,
20200303-122900.000,0,347,3088,3089,3087.25,3088.75,516,3088.28875968992,197,319,,
20200303-123000.000,0,672,3088.75,3090.25,3087.25,3089.25,832,3089.01953125,361,471,,
20200303-123100.000,0,573,3089.5,3091.5,3089,3091.25,714,3090.32107843137,267,447,,
20200303-123200.000,0,1691,3091.25,3096.75,3090.5,3094.75,2179,3093.6601652134,902,1277,,
20200303-123300.000,0,2576,3094.75,3094.75,3086,3086.25,3413,3089.25454145913,1919,1494,,
20200303-123400.000,0,3233,3086.25,3091,3083,3087,4494,3087.12622385403,2439,2055,,
20200303-123500.000,0,5205,3087.25,3087.5,3076.75,3080.75,6926,3080.93051544903,3747,3179,,
20200303-123600.000,0,5876,3080.75,3082,3062,3062.75,8665,3071.63266012695,4682,3983,,
20200303-123700.000,0,5592,3062.75,3071.5,3061.5,3067.25,7773,3067.03550752605,3654,4119,,
20200303-123800.000,0,3430,3067.25,3072.75,3064.5,3069.75,4480,3069.39715401786,2262,2218,,
20200303-123900.000,0,3226,3069.75,3071.5,3066.75,3070.5,4292,3069.33737185461,2235,2057,,
20200303-124000.000,0,3626,3070.25,3076.75,3067.25,3073,5183,3072.34106694964,2697,2486,,
20200303-124100.000,0,2267,3072.75,3074,3066.25,3068,2837,3069.60962284103,1675,1162,,
20200303-124200.000,0,1848,3067.75,3073.5,3066.75,3071.75,2426,3070.67013602638,1300,1126,,
20200303-124300.000,0,1471,3071.5,3072.5,3067.25,3067.75,2060,3070.19259708738,1149,911,,
20200303-124400.000,0,3915,3067.5,3068,3058,3060,5642,3062.40074441687,3361,2281,,
20200303-124500.000,0,2572,3059.75,3062.5,3057.75,3060.5,3701,3060.15468792218,1756,1945,,
20200303-124600.000,0,3644,3060.5,3060.5,3051.25,3052,5656,3055.23766796323,3325,2331,,
20200303-124700.000,0,2590,3052.25,3056,3051.75,3053.75,3462,3054.30632582322,1635,1827,,
20200303-124800.000,0,2403,3054,3058.75,3051,3057,3454,3054.40814997105,1728,1726,,
20200303-124900.000,0,1616,3057.25,3058.75,3055,3057.25,2243,3056.9031431119,1112,1131,,
20200303-125000.000,0,2300,3057.5,3065.75,3057.5,3063.5,2892,3062.65594744122,1241,1651,,
20200303-125100.000,0,1359,3063.5,3063.5,3058.75,3059.75,1763,3060.87152580828,955,808,,
20200303-125200.000,0,1339,3060,3062.5,3058.5,3060.5,1641,3060.28580134065,774,867,,
20200303-125300.000,0,1621,3060.25,3063.25,3059,3061.5,2456,3060.86828175896,1270,1186,,
20200303-125400.000,0,1417,3061.75,3061.75,3058.75,3060,1606,3060.42854919054,823,783,,
20200303-125500.000,0,1778,3060.25,3060.25,3055,3057.5,2306,3057.12326539462,1304,1002,,
20200303-125600.000,0,2779,3057.75,3064.75,3054.5,3064.25,3757,3058.6066675539,1697,2060,,
20200303-125700.000,0,2838,3064,3070.5,3063,3069,3562,3066.59643458731,1599,1963,,
20200303-125800.000,0,2040,3069,3071.75,3066.75,3069,2697,3069.48915461624,1409,1288,,
20200303-125900.000,0,1103,3069.5,3069.5,3065.5,3066.25,1452,3067.23829201102,791,661,,
20200303-130000.000,0,2478,3066.25,3066.25,3060.25,3060.75,3173,3062.46651433974,1753,1420,,
20200303-130100.000,0,1011,3060.75,3061.25,3058,3060,1291,3059.88071262587,750,541,,
20200303-130200.000,0,1244,3060.25,3063.25,3058,3060.25,1536,3060.79606119792,706,830,,
20200303-130300.000,0,1478,3060.5,3062.5,3057.25,3057.5,2186,3059.04860475755,1207,979,,
20200303-130400.000,0,1147,3057.75,3059.75,3056,3056.25,1513,3058.09930601454,691,822,,
20200303-130500.000,0,1830,3056.25,3058.25,3052.5,3053.5,2688,3055.30608258929,1379,1309,,
20200303-130600.000,0,2092,3053.75,3055.5,3051,3052.5,3294,3052.9339708561,1572,1722,,
20200303-130700.000,0,1388,3052.75,3058,3052.5,3056,2044,3054.40056262231,949,1095,,
20200303-130800.000,0,967,3056,3059,3055.25,3058.25,1383,3057.74367317426,808,575,,
20200303-130900.000,0,1074,3058.5,3059.5,3056.5,3058.25,1905,3058.18989501312,1123,782,,
20200303-131000.000,0,1683,3058.25,3063.75,3057.5,3063.75,2334,3061.56298200514,1162,1172,,
20200303-131100.000,0,1993,3063.75,3064,3057.5,3058,2928,3061.0062329235,1866,1062,,
20200303-131200.000,0,2018,3058.25,3059.5,3054,3059,2741,3056.49826705582,1631,1110,,
20200303-131300.000,0,1419,3059.25,3063.75,3058.5,3062.25,1913,3061.80541035024,928,985,,
20200303-131400.000,0,1412,3062.5,3067.5,3062.25,3066,1799,3065.77167871039,640,1159,,
20200303-131500.000,0,1145,3066,3067.5,3063.75,3067.5,1445,3065.08581314879,734,711,,
20200303-131600.000,0,841,3067.5,3068.25,3064.5,3065,1119,3066.70844504021,644,475,,
20200303-131700.000,0,994,3065,3065.75,3062.25,3063.75,1292,3063.85893962848,681,611,,
20200303-131800.000,0,883,3063.75,3066,3062.25,3065.5,1012,3064.59115612648,447,565,,
20200303-131900.000,0,1312,3065.5,3069,3065.25,3067,1716,3067.03525641026,758,958,,
20200303-132000.000,0,1521,3067,3069.5,3064.25,3069,1980,3067.23042929293,1014,966,,
20200303-132100.000,0,1866,3068.75,3072.75,3068.75,3071.5,2542,3070.7095790716,1233,1309,,
20200303-132200.000,0,1019,3071.5,3071.75,3069.5,3070.5,1653,3070.40471869329,916,737,,
20200303-132300.000,0,741,3070.5,3071.75,3069.25,3071.5,1100,3070.3975,495,605,,
20200303-132400.000,0,2099,3071.25,3077.25,3071,3076.75,3370,3075.32900593472,1662,1708,,
20200303-132500.000,0,2222,3077,3079.25,3075.25,3078.25,3806,3076.93398581188,1664,2142,,
20200303-132600.000,0,2610,3078,3083,3077.5,3082,4271,3080.57088503863,2057,2214,,
20200303-132700.000,0,1922,3082,3082.5,3077.25,3078,3037,3079.43669739875,1926,1111,,
20200303-132800.000,0,1413,3078,3081,3076.75,3080,2130,3078.77030516432,988,1142,,
20200303-132900.000,0,1777,3080,3082.75,3079.75,3080.5,2937,3081.03719782091,1501,1436,,
20200303-133000.000,0,1889,3080.25,3081.25,3076.5,3077.25,2565,3078.72134502924,1284,1281,,
20200303-133100.000,0,819,3077.25,3077.75,3075.5,3076.25,1249,3076.55784627702,673,576,,
20200303-133200.000,0,1146,3076.25,3078.5,3075.25,3075.75,1682,3077.12262187872,867,815,,
20200303-133300.000,0,789,3075.75,3078,3075,3076,1114,3076.80767504488,632,482,,
20200303-133400.000,0,757,3076,3080.5,3076,3079,1181,3078.86176968671,499,682,,
20200303-133500.000,0,1062,3079,3079,3074.25,3076,1310,3076.28416030534,789,521,,
20200303-133600.000,0,1824,3076.25,3082.25,3076.25,3079.25,2370,3080.01075949367,1186,1184,,
20200303-133700.000,0,1107,3079.25,3080,3074.25,3075.5,1527,3076.90700720367,839,688,,
20200303-133800.000,0,1479,3075.5,3077.25,3072,3072.5,2085,3074.44340527578,1195,890,,
20200303-133900.000,0,3021,3072.75,3073.75,3067.75,3069,4189,3070.30860587252,2177,2012,,
20200303-134000.000,0,2868,3069,3070.25,3063.25,3065,4177,3066.74281781183,1997,2180,,
20200303-134100.000,0,1805,3065,3069.25,3064,3065.75,2430,3066.86985596708,1246,1184,,
20200303-134200.000,0,1330,3065.75,3067.5,3063.75,3065.5,1685,3065.77462908012,961,724,,
20200303-134300.000,0,879,3065.5,3067.5,3064.75,3066.25,1305,3066.21762452107,584,721,,
20200303-134400.000,0,811,3066.25,3066.25,3064,3065.5,1100,3065.1,661,439,,
20200303-134500.000,0,1959,3065.5,3065.75,3060.75,3061,2893,3062.16876944348,1520,1373,,
20200303-134600.000,0,1241,3061,3063.5,3060.75,3062.5,1637,3062.15546731827,863,774,,
20200303-134700.000,0,1209,3062.5,3066,3062.5,3064.75,1814,3064.36838478501,846,968,,
20200303-134800.000,0,1128,3064.75,3066.25,3061.75,3066.25,1445,3063.88494809689,695,750,,
20200303-134900.000,0,1481,3066,3068,3066,3068,1976,3067.23785425101,846,1130,,
20200303-135000.000,0,2773,3068.25,3074.25,3068.25,3073,3422,3071.61367621274,1438,1984,,
20200303-135100.000,0,1617,3073,3073.75,3069.5,3071.75,2069,3071.77742870952,1150,919,,
20200303-135200.000,0,1022,3071.5,3073.5,3069.75,3071.75,1328,3071.23173945783,697,631,,
20200303-135300.000,0,640,3071.5,3073.25,3071.5,3072,874,3072.54204805492,460,414,,
20200303-135400.000,0,1111,3072.25,3074.75,3069.75,3070.75,1404,3072.39512108262,760,644,,
20200303-135500.000,0,846,3071,3075,3070.25,3073.75,1018,3072.20825147348,516,502,,
20200303-135600.000,0,1128,3073.75,3074.75,3072.75,3073.75,1464,3073.85587431694,879,585,,
20200303-135700.000,0,1296,3073.5,3073.5,3068.25,3071.5,1547,3070.34049773756,902,645,,
20200303-135800.000,0,1217,3071.5,3075.75,3071,3075.25,1709,3073.99853715623,837,872,,
20200303-135900.000,0,1322,3075.25,3077,3074.25,3075.25,1640,3075.77698170732,823,817,,
20200303-140000.000,0,1960,3075,3075.25,3070.5,3073,2511,3073.17015133413,1282,1229,,
20200303-140100.000,0,1179,3073,3077,3072,3076.25,1562,3074.26888604353,822,740,,
20200303-140200.000,0,1584,3076.5,3079.25,3076,3077.75,2261,3077.95621406457,1096,1165,,
20200303-140300.000,0,808,3077.75,3079,3076,3076.5,1117,3077.41472694718,689,428,,
20200303-140400.000,0,706,3076.75,3079,3076,3078,1018,3077.53904715128,511,507,,
20200303-140500.000,0,1272,3077.75,3079.5,3076,3079.25,1622,3077.74383477189,824,798,,
20200303-140600.000,0,1830,3079.25,3082.25,3077.75,3079.75,2702,3079.8942450037,1394,1308,,
20200303-140700.000,0,2392,3079.75,3083.75,3079,3081,4232,3081.66865548204,2255,1977,,
20200303-140800.000,0,1305,3081,3082.25,3080.25,3080.25,1955,3081.21969309463,841,1114,,
20200303-140900.000,0,1037,3080.25,3081.25,3078.75,3080,1574,3080.06385006353,831,743,,
20200303-141000.000,0,3565,3080,3082,3074.25,3079.25,4910,3078.33233197556,2889,2021,,
20200303-141100.000,0,1896,3079.25,3079.75,3075,3076.75,3132,3076.99768518519,1478,1654,,
20200303-141200.000,0,897,3076.75,3079,3076,3078.25,1199,3077.45391993328,625,574,,
20200303-141300.000,0,1207,3078.25,3079.25,3076,3076.5,2083,3077.8868218915,992,1091,,
20200303-141400.000,0,945,3076.5,3078.75,3076.25,3078.75,1429,3077.25454863541,587,842,,
20200303-141500.000,0,1284,3078.75,3082.25,3078.25,3082.25,1857,3080.47751750135,794,1063,,
20200303-141600.000,0,1165,3082.25,3083,3080.25,3082.25,1777,3081.71482836241,908,869,,
20200303-141700.000,0,2337,3082.25,3087.25,3082,3086.25,3445,3085.34513788099,1621,1824,,
20200303-141800.000,0,1109,3086,3087,3084.75,3086,1605,3085.95638629284,813,792,,
20200303-141900.000,0,1216,3086,3088,3084.25,3084.5,2134,3086.35859887535,1049,1085,,
20200303-142000.000,0,711,3084.5,3087.25,3084.25,3086.25,1026,3086.12037037037,463,563,,
20200303-142100.000,0,744,3086.5,3087.5,3086,3086.75,1035,3086.68574879227,531,504,,
20200303-142200.000,0,1271,3086.75,3089.5,3085.25,3089,1858,3087.52368137783,939,919,,
20200303-142300.000,0,1897,3089,3093,3088.25,3092.75,3344,3090.34943181818,1394,1950,,
20200303-142400.000,0,1654,3092.75,3093.5,3089,3091,2615,3090.99636711281,1588,1027,,
20200303-142500.000,0,1136,3091,3092,3088.5,3090,1743,3089.91881812966,1004,739,,
20200303-142600.000,0,977,3090,3091.25,3089.25,3090,2153,3090.06862517418,1204,949,,
20200303-142700.000,0,1345,3090.25,3090.5,3087.25,3089,2272,3088.92066461268,1396,876,,
20200303-142800.000,0,2752,3088.75,3095.5,3088.75,3094.75,5184,3092.92828896605,2371,2813,,
20200303-142900.000,0,2174,3094.75,3096,3093.25,3093.25,3591,3094.49909495962,2131,1460,,
20200303-143000.000,0,13886,3093.5,3095,3079.5,3080.25,21721,3086.63135905345,10628,11093,,
20200303-143100.000,0,9247,3080.5,3089,3079,3080.75,14085,3083.25003549876,6864,7221,,
20200303-143200.000,0,7755,3080.75,3082.5,3075.25,3077.5,11184,3079.30391630901,5755,5429,,
20200303-143300.000,0,6783,3077.5,3085.75,3077.5,3085.5,9667,3080.52366297714,4740,4927,,
20200303-143400.000,0,7847,3085.5,3085.75,3072.5,3075.5,10823,3076.54430379747,5888,4935,,
20200303-143500.000,0,6828,3075.5,3076.25,3068,3069.25,10148,3070.73741131257,5171,4977,,
20200303-143600.000,0,5539,3069.25,3069.25,3064.25,3065,7787,3066.99229485039,4589,3198,,
20200303-143700.000,0,5603,3065,3066.5,3062.75,3063.25,7539,3064.76644780475,3760,3779,,
20200303-143800.000,0,6931,3063.25,3070.25,3062.25,3069,9577,3066.67664717552,4415,5162,,
20200303-143900.000,0,5467,3069.25,3073,3065,3071.75,7442,3068.70851249664,3723,3719,,
20200303-144000.000,0,5201,3071.75,3073.75,3070.25,3071.5,7035,3071.75774697939,3574,3461,,
20200303-144100.000,0,5387,3071.25,3073,3067,3073,6560,3069.62701981707,3321,3239,,
20200303-144200.000,0,4915,3072.75,3076.75,3068.25,3076.75,6267,3072.46689005904,2717,3550,,
20200303-144300.000,0,3682,3076.75,3077,3073.25,3075.75,5428,3075.23890014738,2621,2807,,
20200303-144400.000,0,4027,3076,3076,3070.5,3071.5,5155,3073.2166343356,2757,2398,,
20200303-144500.000,0,5516,3071.25,3074,3064,3064.75,7344,3068.48577069717,3859,3485,,
20200303-144600.000,0,4141,3064.75,3069,3062.5,3067.5,5925,3065.49012658228,2772,3153,,
20200303-144700.000,0,3744,3067.5,3072.5,3067.25,3071,5418,3070.57733480989,2480,2938,,
20200303-144800.000,0,3277,3070.75,3072,3066,3067.5,4246,3068.84067357513,2070,2176,,
20200303-144900.000,0,3545,3067.5,3073.5,3067.25,3071.5,4549,3070.36513519455,1826,2723,,
20200303-145000.000,0,4249,3071.25,3071.25,3064.75,3067,5786,3067.19534220532,3077,2709,,
20200303-145100.000,0,3393,3067,3068,3062.75,3063.25,4963,3064.79735039291,2827,2136,,
20200303-145200.000,0,4970,3063.25,3067.75,3059.25,3059.5,7404,3063.59268638574,4021,3383,,
20200303-145300.000,0,5211,3059.5,3061,3054.25,3054.5,8588,3057.53615510014,4381,4207,,
20200303-145400.000,0,7462,3054.25,3054.5,3049.25,3054,11431,3051.97948560931,6024,5407,,
20200303-145500.000,0,5354,3054,3059.5,3053,3054.75,7851,3056.86600433066,3353,4498,,
20200303-145600.000,0,4296,3054.5,3056.5,3047.25,3047.75,6406,3051.66418201686,3377,3029,,
20200303-145700.000,0,4777,3047.75,3056.75,3046.75,3054.25,6559,3050.67144381766,2837,3722,,
20200303-145800.000,0,2960,3054.25,3060,3054.25,3059.75,3716,3056.70553013994,1453,2263,,
20200303-145900.000,0,3104,3059.5,3061.75,3056.5,3057.75,3816,3059.40756027254,1981,1835,,
20200303-150000.000,0,26325,3057.5,3127.25,3056.5,3125.5,51516,3101.58581314543,19960,31556,,
20200303-150100.000,0,15309,3125.25,3136.25,3111.25,3120.75,29352,3124.0559587081,15480,13872,,
20200303-150200.000,0,9822,3120.75,3131.5,3118.75,3123.25,17925,3125.28944211994,9651,8274,,
20200303-150300.000,0,9064,3123.25,3137,3121.5,3131.25,16065,3131.81744475568,7848,8217,,
20200303-150400.000,0,8372,3131,3133.75,3123.75,3128,14559,3127.42422213064,7784,6775,,
20200303-150500.000,0,7588,3128,3135,3122,3122.75,12325,3129.41752535497,6248,6077,,
20200303-150600.000,0,9748,3122.25,3126.25,3106.25,3117.5,16025,3115.58659906396,8449,7576,,
20200303-150700.000,0,6519,3117.75,3117.75,3105.25,3106.75,9945,3110.47257415787,5303,4642,,
20200303-150800.000,0,6964,3106.5,3120.25,3106.25,3117.25,10701,3114.48967386226,5228,5473,,
20200303-150900.000,0,6008,3116.75,3119,3112.25,3115.75,10611,3115.81003204222,5704,4907,,
20200303-151000.000,0,6682,3115.5,3121.5,3111,3112.25,9891,3116.2126680821,5018,4873,,
20200303-151100.000,0,6752,3112,3112,3102.5,3103,9651,3106.25826339239,5353,4298,,
20200303-151200.000,0,8121,3103,3107,3100,3100.5,13543,3102.22814369047,7200,6343,,
20200303-151300.000,0,10559,3100.75,3104.25,3083.75,3087.25,17504,3095.20328210695,9831,7673,,
20200303-151400.000,0,10817,3087.25,3094,3081,3084,18341,3089.16255929339,8672,9669,,
20200303-151500.000,0,11545,3084,3084,3067.25,3070.25,17590,3075.41078737919,9531,8059,,
20200303-151600.000,0,12117,3070.25,3089.25,3070.25,3088.5,17795,3080.6257797134,7720,10075,,
20200303-151700.000,0,7041,3088.25,3089.75,3077.5,3078.5,10730,3083.25906337372,5495,5235,,
20200303-151800.000,0,9543,3078.5,3089.75,3071.5,3086.75,13785,3080.56031918752,6623,7162,,
20200303-151900.000,0,8333,3086.75,3088.5,3079.5,3081.5,12517,3084.32633618279,6619,5898,,
20200303-152000.000,0,7023,3081.5,3093.5,3080.75,3091.5,9891,3087.62152461834,3925,5966,,
20200303-152100.000,0,7260,3091.75,3093,3083,3092.25,10592,3089.06825906344,5700,4892,,
20200303-152200.000,0,7168,3092,3102.25,3088.75,3100.5,11499,3095.84122532394,5168,6331,,
20200303-152300.000,0,5772,3100.25,3106.25,3098.75,3103.5,8722,3102.00163379959,3927,4795,,
20200303-152400.000,0,5951,3103.75,3108.75,3096.25,3107.25,8930,3103.06497760358,4441,4489,,
20200303-152500.000,0,5572,3107.25,3108,3098.5,3100,8196,3103.45604563202,4399,3797,,
20200303-152600.000,0,4205,3100,3110,3099.75,3108.75,6868,3105.98205445545,3223,3645,,
20200303-152700.000,0,5062,3108.5,3111.25,3102.75,3104.25,8028,3107.35553687095,4471,3557,,
20200303-152800.000,0,3720,3104.5,3110,3101.5,3102.5,5231,3105.77752819729,2713,2518,,
20200303-152900.000,0,6592,3102.5,3103.25,3090.75,3093.5,10473,3097.27095865559,5243,5230,,
20200303-153000.000,0,4422,3093.5,3104.5,3090.5,3103.75,6205,3096.13094278807,2806,3399,,
20200303-153100.000,0,3732,3103.5,3104.5,3096,3097.25,5707,3100.47104433152,3396,2311,,
20200303-153200.000,0,4160,3097.5,3097.5,3087.5,3087.5,6117,3092.64075527219,3857,2260,,
20200303-153300.000,0,4407,3087.5,3100,3087.25,3095.5,6501,3095.18412551915,2752,3749,,
20200303-153400.000,0,3434,3095.25,3099.25,3089.5,3090.5,4682,3094.72607859889,2800,1882,,
20200303-153500.000,0,3444,3090.5,3097.75,3089.75,3096.75,4715,3092.88112407211,2090,2625,,
20200303-153600.000,0,2731,3096.5,3099.5,3092.25,3097.5,3632,3095.62775330397,1704,1928,,
20200303-153700.000,0,4987,3097.25,3105.5,3093.75,3104.25,7760,3097.87825386598,3866,3894,,
20200303-153800.000,0,3181,3104,3106,3098.75,3101.75,4585,3102.15736095965,2419,2166,,
20200303-153900.000,0,3320,3102,3102.25,3096.75,3098,4765,3099.36374606506,2627,2138,,
20200303-154000.000,0,5652,3098,3105.5,3095.25,3103,9282,3101.40107196725,4431,4851,,
20200303-154100.000,0,3838,3102.75,3109.75,3102.75,3109.5,6553,3106.88219136274,2731,3822,,
20200303-154200.000,0,3746,3109.5,3109.5,3103.5,3105.25,6267,3106.65130844104,3603,2664,,
20200303-154300.000,0,3716,3105.25,3110.75,3104.5,3107,5266,3107.31660653247,2338,2928,,
20200303-154400.000,0,3384,3107,3108,3101,3107.25,4688,3104.53013011945,2364,2324,,
20200303-154500.000,0,3953,3107,3109.75,3105.5,3105.75,5763,3107.88825264619,2579,3184,,
20200303-154600.000,0,3300,3105.5,3108.75,3103.25,3104.25,4466,3105.33172861621,2352,2114,,
20200303-154700.000,0,7464,3104.25,3106,3092,3092.75,10568,3097.05034065102,5872,4696,,
20200303-154800.000,0,4206,3093,3096.75,3090.25,3092.75,5873,3093.41188489699,2671,3202,,
20200303-154900.000,0,5336,3092.75,3093.5,3085.75,3089.5,7362,3088.31873132301,4086,3276,,
20200303-155000.000,0,3054,3089.5,3094.75,3089,3094,4111,3091.98272926295,1750,2361,,
20200303-155100.000,0,4527,3093.75,3095,3083,3086,6392,3087.96073216521,3677,2715,,
20200303-155200.000,0,3780,3085.75,3092.25,3084.5,3090.25,4907,3089.02501528429,2323,2584,,
20200303-155300.000,0,3114,3090.25,3091.25,3086.25,3089.75,4085,3088.86603427173,2091,1994,,
20200303-155400.000,0,5062,3089.5,3093.5,3086.75,3091.25,6745,3090.63106004448,3607,3138,,
20200303-155500.000,0,4310,3091,3098.25,3088.5,3097,5932,3093.81030849629,2808,3124,,
20200303-155600.000,0,4364,3096.75,3100.5,3092,3099.25,6216,3096.07818532819,3418,2798,,
20200303-155700.000,0,4698,3099.25,3104,3097,3097,6538,3100.38046803304,3138,3400,,
20200303-155800.000,0,4515,3097,3102.5,3096.25,3101.25,6158,3099.79559110101,2867,3291,,
20200303-155900.000,0,3824,3101.25,3105,3099,3102,5815,3102.20670679278,2877,2938,,
20200303-160000.000,0,3115,3102,3105,3097.5,3104.75,4505,3101.55416204218,2159,2346,,
20200303-160100.000,0,2599,3104.5,3105,3099.5,3101.25,3715,3102.85450874832,1832,1883,,
20200303-160200.000,0,3510,3101,3102.75,3093.5,3093.75,4861,3098.2541658095,2678,2183,,
20200303-160300.000,0,4318,3094,3095.75,3089.5,3092,6162,3092.62337715028,3304,2858,,
20200303-160400.000,0,4318,3092,3093.5,3087,3091.5,6343,3090.43914551474,3207,3136,,
20200303-160500.000,0,4632,3091.5,3092,3081.75,3083.25,6429,3085.54374708353,3853,2576,,
20200303-160600.000,0,5471,3083,3083.25,3078,3082.25,8517,3081.2142773277,4270,4247,,
20200303-160700.000,0,5490,3082.5,3085.5,3078,3078,9207,3081.29678505485,5047,4160,,
20200303-160800.000,0,5490,3078.25,3082.25,3075,3078.25,7284,3078.53020318506,3624,3660,,
20200303-160900.000,0,5062,3078.5,3081,3075,3076.25,7420,3077.20764824798,3750,3670,,
20200303-161000.000,0,5450,3076.5,3077.25,3072,3074.25,7880,3074.49432106599,4290,3590,,
20200303-161100.000,0,4547,3074,3074.25,3068.5,3070.25,7730,3071.02448253558,4113,3617,,
20200303-161200.000,0,8389,3070,3070,3057.5,3059,12309,3062.89727029003,7237,5072,,
20200303-161300.000,0,10080,3058.75,3064.25,3055,3058,15119,3059.82234274754,7615,7504,,
20200303-161400.000,0,5876,3058,3062.25,3054.75,3056.25,7521,3057.84220848291,3721,3800,,
20200303-161500.000,0,7837,3056.5,3072.25,3056.25,3072,11112,3066.16340442765,4486,6626,,
20200303-161600.000,0,5604,3071.75,3071.75,3065.25,3066.25,7933,3068.34183158956,4282,3651,,
20200303-161700.000,0,3998,3066.25,3071.5,3063.5,3063.75,5312,3067.92568712349,2522,2790,,
20200303-161800.000,0,3936,3064,3064.25,3057.5,3060.75,5518,3060.78715114172,2945,2573,,
20200303-161900.000,0,4411,3061,3063.75,3056.5,3057.75,6383,3059.74447751841,3260,3123,,
20200303-162000.000,0,6234,3057.5,3060,3050.25,3052.25,9508,3054.24513567522,5025,4483,,
20200303-162100.000,0,6128,3052.25,3057.25,3049.25,3050.75,9579,3053.56540348679,4668,4911,,
20200303-162200.000,0,5549,3050.75,3062.5,3049.25,3058,7539,3055.91597028784,3523,4016,,
20200303-162300.000,0,7900,3058,3058.25,3042,3042.75,11310,3046.68253757737,7041,4269,,
20200303-162400.000,0,9277,3042.5,3043.75,3033.75,3035.75,15458,3039.55214128607,9382,6076,,
20200303-162500.000,0,11214,3035.75,3039.5,3028,3028.5,17003,3034.43283538199,8732,8271,,
20200303-162600.000,0,10362,3028.5,3034.75,3023.5,3034.25,15860,3028.03921815889,8146,7714,,
20200303-162700.000,0,6539,3034.5,3037.25,3026.25,3035.25,10006,3031.93871177294,4614,5392,,
20200303-162800.000,0,6000,3035,3043.5,3029.25,3043,9263,3036.95994818094,4459,4804,,
20200303-162900.000,0,5622,3042.75,3042.75,3029.75,3031.25,8339,3035.38197026022,4765,3574,,
20200303-163000.000,0,5371,3031,3034.75,3027.25,3029.25,7691,3030.20888050969,3904,3787,,
20200303-163100.000,0,5382,3029.25,3041.25,3029.25,3034,8452,3037.01736275438,3991,4461,,
20200303-163200.000,0,3371,3034,3041,3032.5,3038.5,4830,3038.18819875776,2289,2541,,
20200303-163300.000,0,4616,3038.25,3041,3034,3040.75,6349,3037.74929122697,2887,3462,,
20200303-163400.000,0,4416,3040.75,3045.25,3034.75,3045.25,7094,3039.63391598534,3233,3861,,
20200303-163500.000,0,7723,3045.25,3052.25,3041.25,3042.75,11524,3046.4459389101,5279,6245,,
20200303-163600.000,0,4808,3042.5,3045.75,3038.5,3044,6845,3042.05189919649,3289,3556,,
20200303-163700.000,0,4519,3044.25,3050.75,3041.5,3049.25,6793,3047.29515677904,2934,3859,,
20200303-163800.000,0,4270,3049.25,3053.25,3048,3050.75,5746,3050.52088409328,2814,2932,,
20200303-163900.000,0,5080,3050.5,3058.5,3048,3058,7719,3053.14040031092,3035,4684,,
20200303-164000.000,0,5058,3057.75,3062,3053.75,3061,7548,3058.77374801272,2915,4633,,
20200303-164100.000,0,3996,3061,3061.75,3053,3053.25,5796,3056.48119392685,2900,2896,,
20200303-164200.000,0,2689,3053.25,3056.25,3051.5,3052.25,3698,3053.8324770146,1794,1904,,
20200303-164300.000,0,2625,3052.25,3053,3048,3050.25,3543,3050.36261642676,2080,1463,,
20200303-164400.000,0,2333,3050,3056.25,3048.5,3056.25,3191,3052.24976496396,1470,1721,,
20200303-164500.000,0,2430,3055.75,3058.25,3049.75,3050.25,3307,3055.13350468703,1863,1444,,
20200303-164600.000,0,3040,3050.25,3056.25,3049.5,3052.25,4019,3052.23308036825,2122,1897,,
20200303-164700.000,0,4379,3052.5,3054.5,3045.5,3050,6281,3049.85483999363,3426,2855,,
20200303-164800.000,0,3474,3049.75,3051,3044.75,3045,5161,3048.30095911645,2840,2321,,
20200303-164900.000,0,2810,3045.25,3048.75,3044.25,3045.25,3966,3045.91748613212,2011,1955,,
20200303-165000.000,0,3042,3045.25,3054.5,3044.75,3050.75,4057,3050.17395859009,1545,2512,,
20200303-165100.000,0,2979,3050.75,3055,3048.75,3054,4161,3051.19784907474,1968,2193,,
20200303-165200.000,0,2792,3054,3060.5,3053,3056.75,3584,3057.27887834821,1614,1970,,
20200303-165300.000,0,3400,3056.75,3063.5,3056,3062.5,4843,3060.54764608714,1955,2888,,
20200303-165400.000,0,5236,3062.25,3069.5,3062.25,3065.25,8882,3065.77831569466,4274,4608,,
20200303-165500.000,0,2947,3065.25,3065.5,3060.25,3063.5,3951,3062.5672614528,2101,1850,,
20200303-165600.000,0,3168,3063.25,3068,3063,3066.75,4448,3066.22212230216,1798,2650,,
20200303-165700.000,0,3086,3066.75,3070.75,3065.5,3069.5,4239,3068.58197688134,1844,2395,,
20200303-165800.000,0,3123,3069.75,3073.25,3067.75,3072,4746,3071.23451327434,2216,2530,,
20200303-165900.000,0,3133,3072.25,3073.25,3068.5,3071,4453,3070.38462834044,2150,2303,,
20200303-170000.000,0,4653,3071,3071.25,3064.25,3069.25,5865,3067.05971867008,3310,2555,,
20200303-170100.000,0,2744,3069,3069.25,3063.25,3064,3677,3065.00346750068,1831,1846,,
20200303-170200.000,0,3341,3063.75,3066.75,3062.75,3066.25,4460,3064.72808295964,1859,2601,,
20200303-170300.000,0,2538,3066.25,3069,3064.5,3066.75,3321,3067.02273411623,1855,1466,,
20200303-170400.000,0,3250,3067,3072,3064.25,3071.75,4079,3067.27224810002,1861,2218,,
20200303-170500.000,0,3879,3072,3074.75,3070.75,3073.5,5491,3072.79648515753,2757,2734,,
20200303-170600.000,0,2574,3073.5,3075.75,3069.75,3070.75,3494,3072.97302518603,1654,1840,,
20200303-170700.000,0,2529,3071,3074.25,3068.5,3073,3625,3071.21420689655,2036,1589,,
20200303-170800.000,0,2340,3073.25,3077.5,3072.75,3077.25,4459,3075.54552590267,2128,2331,,
20200303-170900.000,0,3837,3077.5,3081,3074.25,3077.75,6413,3077.77919850304,3381,3032,,
20200303-171000.000,0,2518,3078,3079,3074,3075.25,3465,3076.21789321789,1875,1590,,
20200303-171100.000,0,4125,3075,3077.25,3071,3073.75,5486,3073.81817353263,3136,2350,,
20200303-171200.000,0,2542,3073.75,3076.75,3070.25,3070.5,3490,3073.41626074499,2041,1449,,
20200303-171300.000,0,3788,3070.5,3073.25,3067.25,3067.5,5153,3070.30273627013,2965,2188,,
20200303-171400.000,0,3563,3067.75,3068.75,3061.25,3062,4624,3064.42538927336,2659,1965,,
20200303-171500.000,0,3531,3062.25,3063.75,3059,3062,5111,3061.20181960477,2291,2820,,
20200303-171600.000,0,2374,3062,3064.25,3059.5,3059.5,3000,3061.63758333333,1570,1430,,
20200303-171700.000,0,1834,3059.75,3061,3058.75,3058.75,2407,3059.77149979227,1324,1083,,
20200303-171800.000,0,4104,3058.75,3062.75,3055.25,3060,5672,3058.26190056418,2846,2826,,
20200303-171900.000,0,2385,3060.25,3062.25,3057.5,3059.75,3039,3059.75394866733,1454,1585,,
20200303-172000.000,0,2708,3060,3060.5,3055.75,3057.5,3628,3057.99786383683,1931,1697,,
20200303-172100.000,0,2478,3057.25,3062.25,3056,3058.5,2902,3058.62663680221,1470,1432,,
20200303-172200.000,0,2544,3058.5,3064.25,3058.5,3062,3223,3061.80926155756,1274,1949,,
20200303-172300.000,0,2278,3062.25,3063.5,3058.5,3062.75,3036,3060.94779314888,1621,1415,,
20200303-172400.000,0,2437,3062.75,3064.75,3059,3064,2975,3062.3831092437,1256,1719,,
20200303-172500.000,0,2987,3064.25,3066.75,3060.5,3061.5,4074,3064.43311242023,1906,2168,,
20200303-172600.000,0,3269,3061.5,3062.25,3052.75,3054,4608,3057.06315104167,2713,1895,,
20200303-172700.000,0,2860,3054,3056,3051.75,3053.25,3757,3053.38574660634,1850,1907,,
20200303-172800.000,0,2556,3053.25,3053.25,3048.75,3051.25,3780,3050.93035714286,2097,1683,,
20200303-172900.000,0,1994,3051.5,3056,3051,3054,2592,3053.38146219136,1186,1406,,
20200303-173000.000,0,3406,3054,3056.25,3050.25,3050.5,4375,3053.36085714286,2385,1990,,
20200303-173100.000,0,2040,3050.25,3054.25,3050.25,3051,2578,3052.14303723817,1208,1370,,
20200303-173200.000,0,3927,3051.25,3051.5,3045.75,3050,6111,3048.38209785632,3259,2852,,
20200303-173300.000,0,2472,3050.25,3053,3047.75,3052.25,3484,3050.44037026406,1514,1970,,
20200303-173400.000,0,2402,3052.25,3053,3048.5,3048.5,3001,3050.5852215928,1495,1506,,
20200303-173500.000,0,1511,3048.5,3049.75,3046.75,3048.5,1962,3047.96075433231,988,974,,
20200303-173600.000,0,2100,3048.75,3051,3047,3048.5,2601,3048.89609765475,1271,1330,,
20200303-173700.000,0,1811,3048.75,3054,3048.5,3051,2226,3051.63173854447,1002,1224,,
20200303-173800.000,0,1961,3051,3053.5,3049.25,3049.75,2522,3051.25545202221,1134,1388,,
20200303-173900.000,0,2111,3050,3057.5,3049.75,3056.75,2750,3053.98509090909,1191,1559,,
20200303-174000.000,0,2452,3057,3060.5,3054,3060.25,3491,3058.05943855629,1542,1949,,
20200303-174100.000,0,2216,3060.25,3060.5,3054.75,3057.25,3035,3058.03500823723,1632,1403,,
20200303-174200.000,0,1764,3057.25,3057.25,3052,3052.5,2329,3053.64276513525,1403,926,,
20200303-174300.000,0,1453,3052.25,3056.5,3051.75,3053.5,1740,3054.0150862069,877,863,,
20200303-174400.000,0,1973,3053.5,3054.25,3049.75,3051.25,2561,3051.39574385006,1406,1155,,
20200303-174500.000,0,3142,3051.5,3059.75,3051,3059.75,4877,3055.90952429772,2048,2829,,
20200303-174600.000,0,2723,3059.75,3062,3057.25,3061,3785,3059.36974900925,1712,2073,,
20200303-174700.000,0,1805,3061.25,3063.5,3058.5,3062.75,2557,3061.32987876418,1111,1446,,
20200303-174800.000,0,1862,3062.75,3065,3062,3062.5,2430,3063.76399176955,1006,1424,,
20200303-174900.000,0,2853,3062.75,3065.25,3059.25,3060.5,4627,3061.93224551545,2625,2002,,
20200303-175000.000,0,2141,3060.5,3061.25,3055.5,3057.75,3071,3057.6069684142,1894,1177,,
20200303-175100.000,0,1351,3057.75,3059.25,3054.5,3055,1780,3056.34957865169,1099,681,,
20200303-175200.000,0,1821,3055.25,3055.5,3052.5,3054,2455,3054.10315682281,1345,1110,,
20200303-175300.000,0,1399,3054,3056.25,3052.75,3054,1968,3054.61191565041,878,1090,,
20200303-175400.000,0,2223,3054,3054,3048.5,3049.5,3182,3050.71055939661,1803,1379,,
20200303-175500.000,0,1820,3049.5,3052.25,3048.25,3049,2516,3049.75775039746,1286,1230,,
20200303-175600.000,0,4215,3049,3049,3043.25,3044.25,6463,3045.76934086338,4124,2339,,
20200303-175700.000,0,2322,3044.5,3049,3044.25,3047,3440,3046.84629360465,1677,1763,,
20200303-175800.000,0,2019,3047,3051.5,3046.75,3050.75,2809,3049.62771448914,1191,1618,,
20200303-175900.000,0,2021,3051,3053,3049,3049,2831,3050.98728364536,1342,1489,,
20200303-180000.000,0,3758,3049,3049,3040.75,3040.75,5780,3044.09541522491,3495,2285,,
20200303-180100.000,0,2799,3040.75,3043.25,3039.5,3042.25,3840,3040.99811197917,2095,1745,,
20200303-180200.000,0,1862,3042.25,3044.25,3040,3041.25,2600,3041.78423076923,1410,1190,,
20200303-180300.000,0,3022,3041,3045.25,3038,3039,4564,3040.79453330412,2341,2223,,
20200303-180400.000,0,2433,3039,3041.25,3036.5,3040.75,3683,3038.36390171056,1857,1826,,
20200303-180500.000,0,2084,3041,3041.25,3036.25,3038.75,3042,3037.79487179487,1708,1334,,
20200303-180600.000,0,2982,3038.5,3044,3037.5,3041.25,3961,3040.8639232517,1664,2297,,
20200303-180700.000,0,2212,3041.75,3043.25,3037.25,3039.75,2925,3039.87273504274,1596,1329,,
20200303-180800.000,0,2331,3039.5,3043,3037.25,3038.75,2944,3039.75025475544,1573,1371,,
20200303-180900.000,0,3326,3038.75,3044,3037.75,3039.25,5246,3040.15311666031,2223,3023,,
20200303-181000.000,0,2259,3039.25,3044,3038.25,3039.25,2956,3040.66305818674,1349,1607,,
20200303-181100.000,0,2430,3039.25,3041.25,3036,3041,3546,3038.1606034969,1689,1857,,
20200303-181200.000,0,2475,3040.75,3042,3037.5,3038.25,3288,3039.54197080292,1599,1689,,
20200303-181300.000,0,3579,3038.25,3038.25,3033,3034,5578,3034.9859268555,3096,2482,,
20200303-181400.000,0,2437,3034,3034.75,3031,3033.5,3864,3032.4890010352,2290,1574,,
20200303-181500.000,0,2387,3033.25,3039.75,3033,3037.25,3063,3036.25963108064,1238,1825,,
20200303-181600.000,0,1872,3037.25,3038,3034.25,3035,2456,3036.01058631922,1202,1254,,
20200303-181700.000,0,2226,3035,3038,3033,3034,3146,3035.4465193897,1562,1584,,
20200303-181800.000,0,3254,3034,3035.75,3031.75,3032.5,5480,3033.36245437956,2673,2807,,
20200303-181900.000,0,7619,3032.75,3034,3024.25,3026.75,11701,3028.44739765832,6876,4825,,
20200303-182000.000,0,3259,3026.75,3034,3026.5,3031.25,4420,3031.51877828054,2201,2219,,
20200303-182100.000,0,4654,3031.25,3031.25,3022.5,3023.5,7457,3025.86244468285,3872,3585,,
20200303-182200.000,0,3837,3023.5,3028.5,3022.25,3025,5257,3025.23544797413,2661,2596,,
20200303-182300.000,0,2368,3025,3027,3023,3024.25,3038,3024.590520079,1467,1571,,
20200303-182400.000,0,3397,3024,3024.75,3020.5,3024,4971,3022.39836049085,2702,2269,,
20200303-182500.000,0,3151,3024,3026.5,3021.5,3022,4147,3024.01880877743,2127,2020,,
20200303-182600.000,0,4735,3021.75,3021.75,3013.5,3014.75,7711,3017.32952924394,4945,2766,,
20200303-182700.000,0,5187,3014.75,3015,3011,3011.5,7814,3013.03007422575,4158,3656,,
20200303-182800.000,0,3546,3011.25,3018,3011.25,3017.5,5149,3015.23023888134,2296,2853,,
20200303-182900.000,0,4643,3017.25,3024.75,3015.75,3024.25,7138,3020.88963995517,3286,3852,,
20200303-183000.000,0,3544,3024.25,3024.25,3018,3020,4596,3020.73003698869,2452,2144,,
20200303-183100.000,0,2592,3020.25,3023.25,3017,3019,3359,3020.20869306341,1752,1607,,
20200303-183200.000,0,2559,3019,3019.75,3015.75,3016.25,3461,3016.95384281999,1739,1722,,
20200303-183300.000,0,3918,3016.25,3027.5,3015.25,3026.75,5805,3022.14638242894,2248,3557,,
20200303-183400.000,0,5167,3026.75,3032.25,3023.25,3030.25,7360,3027.90186820652,3200,4160,,
20200303-183500.000,0,4307,3030,3032.75,3025.75,3031.25,6563,3028.85060185891,3083,3480,,
20200303-183600.000,0,2681,3031.25,3031.75,3026.25,3027.75,3658,3029.00389557135,2159,1499,,
20200303-183700.000,0,3021,3027.75,3028.25,3022.25,3025.5,4213,3024.8731901258,2568,1645,,
20200303-183800.000,0,3150,3025.5,3029.25,3024.25,3026.75,4454,3026.70189717108,2125,2329,,
20200303-183900.000,0,2650,3026.75,3030,3025.75,3028.25,3649,3027.81474376542,1585,2064,,
20200303-184000.000,0,2966,3028,3029,3022.5,3023.25,4756,3026.24174726661,2567,2189,,
20200303-184100.000,0,2866,3023.5,3024.25,3017,3018,4206,3020.24465049929,2448,1758,,
20200303-184200.000,0,2101,3018,3020.5,3015.25,3015.25,3031,3017.63559881227,1522,1509,,
20200303-184300.000,0,4143,3015.5,3017.5,3008.75,3009,6814,3012.80092456707,4107,2707,,
20200303-184400.000,0,5269,3009.25,3010.25,3005.5,3005.75,9008,3008.02633769982,5103,3905,,
20200303-184500.000,0,4356,3005.75,3009.75,3005.25,3008.75,6143,3007.73612241576,2796,3347,,
20200303-184600.000,0,3017,3008.75,3013.25,3008.5,3011.25,4133,3010.92263488991,1866,2267,,
20200303-184700.000,0,2423,3011.25,3011.5,3006.25,3006.75,3346,3007.93006575015,1865,1481,,
20200303-184800.000,0,2474,3007,3011.75,3005.5,3007,3323,3007.99187481192,1672,1651,,
20200303-184900.000,0,3724,3006.75,3009.5,3004.25,3005.25,5231,3006.35385203594,2700,2531,,
20200303-185000.000,0,3203,3005.25,3011.75,3005,3011.5,4511,3007.53879405897,1938,2573,,
20200303-185100.000,0,2444,3011.25,3012,3008.25,3009.25,3712,3010.29801993534,1777,1935,,
20200303-185200.000,0,3135,3009.25,3009.5,3002.25,3003.75,4659,3004.50482936252,2710,1949,,
20200303-185300.000,0,2584,3003.75,3008.25,3001.75,3003.5,3842,3004.26112701718,1984,1858,,
20200303-185400.000,0,2575,3003.75,3006.75,3002.5,3006,4007,3004.43854504617,2030,1977,,
20200303-185500.000,0,2388,3005.75,3006.5,3001,3002,3173,3003.11692404664,1671,1502,,
20200303-185600.000,0,2244,3001.75,3002.75,2999.25,2999.75,3945,3000.85931558935,2465,1480,,
20200303-185700.000,0,3972,2999.75,3007,2999,3004,6099,3002.64727824234,2983,3116,,
20200303-185800.000,0,3687,3004.25,3009.25,3003.5,3004.25,5544,3006.11697330447,2980,2564,,
20200303-185900.000,0,3630,3004,3004,2997.75,2999.5,6069,3000.04036908881,3562,2507,,
20200303-190000.000,0,5801,2999.5,3007,2996.75,2998.25,9728,3001.60706208882,4751,4977,,
20200303-190100.000,0,4758,2998.5,3005.75,2998.5,3004,6435,3002.36954156954,2936,3499,,
20200303-190200.000,0,4439,3003.75,3004.25,2997.75,2999.75,7012,3000.49500855676,3988,3024,,
20200303-190300.000,0,5104,3000,3000.75,2993,2994,8198,2996.29867040742,4823,3375,,
20200303-190400.000,0,5425,2993.75,2995,2990,2992,8486,2991.94894532171,4581,3905,,
20200303-190500.000,0,4994,2992,2993,2987.75,2988.75,8096,2990.27217144269,4616,3480,,
20200303-190600.000,0,5521,2988.5,2990,2980,2982.75,9216,2985.26193576389,5655,3561,,
20200303-190700.000,0,7039,2982.75,2988.75,2980,2984.5,10170,2984.02264011799,5056,5114,,
20200303-190800.000,0,4808,2984.75,2989.25,2983.5,2984.25,7443,2986.32638049174,3608,3835,,
20200303-190900.000,0,7270,2984.25,2984.25,2973,2974,12234,2977.39835703776,6435,5799,,
20200303-191000.000,0,5327,2973.75,2980.25,2973,2980,7816,2977.31806550665,3298,4518,,
20200303-191100.000,0,9288,2979.75,2995,2978.75,2992,14488,2988.89315295417,6684,7804,,
20200303-191200.000,0,5066,2992,2995,2984,2984.75,7550,2990.28850993378,4188,3362,,
20200303-191300.000,0,5817,2985,2993.5,2983.75,2992.25,8984,2989.80771371327,4100,4884,,
20200303-191400.000,0,5278,2992.25,2997,2988.25,2996,7250,2993.01503448276,3357,3893,,
20200303-191500.000,0,3749,2996,2997.75,2990.25,2994,5200,2993.58379807692,2808,2392,,
20200303-191600.000,0,4433,2994,2994.25,2984,2985,6417,2988.54986753935,3496,2921,,
20200303-191700.000,0,4251,2985.25,2987.25,2979.75,2979.75,6911,2983.92106786283,3890,3021,,
20200303-191800.000,0,5378,2979.75,2983,2977,2978.5,7739,2979.32462204419,4170,3569,,
20200303-191900.000,0,3579,2978.5,2983.5,2976.5,2977.5,5070,2979.31079881657,2269,2801,,
20200303-192000.000,0,4767,2977.5,2978.25,2973.25,2976.25,7282,2975.49852375721,4024,3258,,
20200303-192100.000,0,5571,2976.25,2989.25,2976.25,2983.25,7781,2984.1124855417,3511,4270,,
20200303-192200.000,0,3749,2983,2992.25,2981.25,2990.75,4971,2986.41978475156,2177,2794,,
20200303-192300.000,0,4396,2990.75,2991.25,2978.25,2978.5,6781,2984.52953104262,4174,2607,,
20200303-192400.000,0,4087,2978.5,2981.5,2974.75,2977.75,5705,2977.99943032428,2808,2897,,
20200303-192500.000,0,3913,2977.75,2987.75,2976.25,2984,5318,2982.83071643475,2666,2652,,
20200303-192600.000,0,3570,2983.75,2989.25,2983.75,2988.25,4976,2987.18734927653,2427,2549,,
20200303-192700.000,0,4904,2988,2997.75,2984.25,2996.75,6796,2991.13772807534,3114,3682,,
20200303-192800.000,0,7687,2996.5,3003.75,2994,2998.75,11129,2999.33365531494,5118,6011,,
20200303-192900.000,0,4130,2998.5,3003.75,2998.25,3000.75,6091,3000.89349039567,2992,3099,,
20200303-193000.000,0,4902,3000.75,3002.75,2996,2997.75,6976,2999.01996129587,3858,3118,,
20200303-193100.000,0,4057,2998,3006,2996.25,3003.5,5963,3002.66786852256,2930,3033,,
20200303-193200.000,0,3648,3003.75,3009.25,3003.25,3007.25,5343,3006.57420924574,2195,3148,,
20200303-193300.000,0,3628,3007,3007.75,3000.75,3004,5188,3004.52631071704,2835,2353,,
20200303-193400.000,0,2893,3004.25,3006.75,3000.5,3004.75,3970,3003.88557934509,1933,2037,,
20200303-193500.000,0,5813,3005,3005,2992.25,2997.5,7874,2997.90335280671,4487,3387,,
20200303-193600.000,0,2836,2997.5,3002,2995.25,3001.75,4218,2998.86901375059,1895,2323,,
20200303-193700.000,0,3313,3001.75,3005.75,3000.5,3001.5,4539,3002.9651354924,2369,2170,,
20200303-193800.000,0,2866,3001.75,3004,2994.25,2994.5,3741,2998.89915797915,2091,1650,,
20200303-193900.000,0,3617,2994.75,2997,2986.25,2987.75,5710,2991.60748686515,3463,2247,,
20200303-194000.000,0,3329,2987.75,2987.75,2983.25,2983.75,5020,2985.09272908367,2404,2616,,
20200303-194100.000,0,3168,2984,2988,2983.25,2985.25,4480,2985.20747767857,2171,2309,,
20200303-194200.000,0,2818,2985,2987,2981.75,2983.25,4415,2984.0295583239,2415,2000,,
20200303-194300.000,0,3687,2983,2991.5,2981,2989.25,6025,2986.63253112033,2333,3692,,
20200303-194400.000,0,2623,2989.25,2989.5,2984,2985.5,3501,2987.08190516995,1871,1630,,
20200303-194500.000,0,3587,2985.25,2992.5,2984.25,2991.25,5861,2989.08193994199,1882,3979,,
20200303-194600.000,0,4740,2991.25,3002.5,2991,3000.25,6976,2998.33353641055,2968,4008,,
20200303-194700.000,0,2892,3000,3003.5,2995.5,3003,4055,2998.55961775586,1867,2188,,
20200303-194800.000,0,2592,3003,3003,2996,2998.5,3474,2999.35031663788,1914,1560,,
20200303-194900.000,0,4571,2998.25,3008,2997.75,3007,7099,3004.47386955909,2898,4201,,
20200303-195000.000,0,3033,3007,3007.25,3000,3002,4701,3002.85822165497,2751,1950,,
20200303-195100.000,0,2540,3002,3004,2996.25,2996.75,4011,3000.37721266517,2687,1324,,
20200303-195200.000,0,3461,2996.75,3008,2996.75,3004,4963,3004.09767277856,2039,2924,,
20200303-195300.000,0,2640,3004,3009,3002.25,3007.25,3423,3005.64650891031,1651,1772,,
20200303-195400.000,0,5505,3007.25,3015,3004.25,3014.75,8443,3011.48371431955,3608,4835,,
20200303-195500.000,0,4889,3014.5,3016.25,3012,3014.75,7272,3014.23483910891,3943,3329,,
20200303-195600.000,0,3325,3014.5,3016.25,3008,3013.75,4841,3012.2488638711,2901,1940,,
20200303-195700.000,0,2337,3014,3014.5,3008,3011.5,3034,3010.83289386948,1654,1380,,
20200303-195800.000,0,2710,3011.25,3012.5,3005.5,3006,3633,3008.70134874759,2202,1431,,
20200303-195900.000,0,2548,3005.75,3011.25,3005.25,3011,3390,3007.27699115044,1479,1911,,
20200303-200000.000,0,4030,3011.25,3015.25,3005.25,3014.25,5924,3009.6425557056,2820,3104,,
20200303-200100.000,0,5206,3014.25,3019.75,3012.75,3016.25,8425,3016.24359050445,3327,5098,,
20200303-200200.000,0,2695,3016.25,3017.5,3013,3016.25,4290,3015.13228438228,2551,1739,,
20200303-200300.000,0,3369,3016,3023.5,3014.25,3022,5456,3019.80173203812,2191,3265,,
20200303-200400.000,0,3431,3022,3025.75,3020.75,3024.5,5005,3023.88706293706,2576,2429,,
20200303-200500.000,0,3185,3024.5,3024.75,3017.25,3020,4494,3020.38284379172,2475,2019,,
20200303-200600.000,0,2603,3020,3021,3015.25,3016.75,3885,3017.77516087516,1940,1945,,
20200303-200700.000,0,3679,3016.75,3017,3012,3014,5391,3014.20000927472,2936,2455,,
20200303-200800.000,0,3479,3014,3015.25,3009.25,3012.25,5416,3012.36212149188,2831,2585,,
20200303-200900.000,0,3251,3012,3017,3010.25,3013.5,4444,3013.16595409541,2150,2294,,
20200303-201000.000,0,4310,3013.75,3017,3011.75,3014.5,5519,3014.05195687625,2819,2700,,
20200303-201100.000,0,5355,3014.25,3027.5,3013.5,3026.25,7986,3021.29946155773,2711,5275,,
20200303-201200.000,0,6821,3026.25,3031.75,3023.75,3029,10503,3027.80227077978,4702,5801,,
20200303-201300.000,0,3759,3029,3031.5,3024,3031.25,5483,3027.76887652745,2733,2750,,
20200303-201400.000,0,4018,3031.5,3033.5,3027,3029.25,5765,3030.62220294883,2547,3218,,
20200303-201500.000,0,2772,3029.25,3030,3025.25,3027.75,3760,3027.5477393617,1959,1801,,
20200303-201600.000,0,3051,3028,3029.25,3023.5,3024,4238,3025.7796720151,2384,1854,,
20200303-201700.000,0,3637,3024,3032.5,3022.75,3032.25,5177,3028.69562487927,2298,2879,,
20200303-201800.000,0,3357,3032.25,3036,3030.75,3035.75,5117,3034.16557553254,2096,3021,,
20200303-201900.000,0,3454,3035.75,3038,3032.75,3034.25,5487,3036.0794605431,2772,2715,,
20200303-202000.000,0,4928,3034.25,3036,3025.5,3026.75,6888,3029.36069976771,4097,2791,,
20200303-202100.000,0,2707,3026.5,3027.5,3023.25,3026,3850,3025.58558441558,2126,1724,,
20200303-202200.000,0,2052,3026,3027.5,3021.25,3023,2740,3024.56715328467,1524,1216,,
20200303-202300.000,0,5080,3023,3025.5,3012.5,3013.5,7016,3017.93810575827,3971,3045,,
20200303-202400.000,0,4460,3013.5,3017.5,3011.5,3012.75,6524,3014.11534334764,3479,3045,,
20200303-202500.000,0,3636,3012.75,3020.5,3012,3018.75,4786,3016.27752820727,1822,2964,,
20200303-202600.000,0,3308,3018.75,3026,3018.25,3025.5,4344,3022.25984116022,1727,2617,,
20200303-202700.000,0,5766,3025.5,3037.75,3024.25,3035.75,7855,3031.67364735837,2961,4894,,
20200303-202800.000,0,4227,3035.75,3039.5,3034,3038.75,6809,3037.46486268175,2457,4352,,
20200303-202900.000,0,4215,3039,3039.5,3031.75,3038.75,6415,3036.13963367108,3025,3390,,
20200303-203000.000,0,3395,3038.5,3038.75,3029.5,3029.5,4859,3034.60362214447,2855,2004,,
20200303-203100.000,0,3512,3029.5,3030,3021.5,3021.5,5103,3026.02312365275,3052,2051,,
20200303-203200.000,0,5865,3021.5,3023.25,3012.75,3018.25,8233,3017.59729138832,4747,3486,,
20200303-203300.000,0,3947,3018.25,3018.25,3011.75,3013.75,5699,3014.09023512897,2947,2752,,
20200303-203400.000,0,3862,3013.5,3019.75,3010.5,3018.5,5369,3014.56910039113,2417,2952,,
20200303-203500.000,0,3060,3018.75,3022.25,3016.75,3017.75,3923,3020.02714759113,2076,1847,,
20200303-203600.000,0,2039,3017.5,3018.25,3013.25,3015,2768,3015.49096820809,1496,1272,,
20200303-203700.000,0,4435,3015.25,3015.5,3005.5,3007.5,6182,3008.7765690715,3624,2558,,
20200303-203800.000,0,6921,3007.5,3007.5,2999.5,3002.25,9870,3002.21157548126,5464,4406,,
20200303-203900.000,0,6146,3002.25,3004.25,2992.75,2997,9307,2997.50722574406,5441,3866,,
20200303-204000.000,0,6829,2996.75,3003.25,2993.25,3002.25,9686,2998.86609539542,4595,5091,,
20200303-204100.000,0,7138,3002,3018,3002,3012.5,9940,3010.87251006036,4105,5835,,
20200303-204200.000,0,6056,3012.5,3022,3009.25,3018.5,8081,3016.81069793342,3562,4519,,
20200303-204300.000,0,3495,3018.5,3020.25,3012,3019.75,4317,3015.90103080843,2169,2148,,
20200303-204400.000,0,3739,3019.5,3023.75,3017.75,3021,4800,3021.18432291667,2148,2652,,
20200303-204500.000,0,6874,3021.25,3028,3010.25,3027,9484,3018.34139076339,5016,4468,,
20200303-204600.000,0,5221,3027.5,3031,3022.75,3027,7105,3027.4796973962,3517,3588,,
20200303-204700.000,0,4530,3027.25,3027.5,3015.75,3022.25,5521,3021.00824126064,2949,2572,,
20200303-204800.000,0,5895,3022,3031.25,3021.75,3022.5,8088,3028.07059841741,3932,4156,,
20200303-204900.000,0,4654,3022.5,3023.25,3010.25,3010.5,7042,3016.93009798353,4202,2840,,
20200303-205000.000,0,15845,3010.75,3010.75,2996.75,3000.5,22370,3001.75812472061,12562,9808,,
20200303-205100.000,0,8856,3000.5,3004.75,2994,2995.5,11761,2999.14847802058,5998,5763,,
20200303-205200.000,0,7200,2995.5,2999,2991.5,2991.5,9940,2995.22748993964,5428,4512,,
20200303-205300.000,0,6113,2991.75,2994.75,2990.25,2991.5,8764,2992.48396850753,4767,3997,,
20200303-205400.000,0,9874,2991.25,3012.5,2990.5,3009.5,15591,3002.36028798666,6756,8835,,
20200303-205500.000,0,10218,3009.25,3022.5,3006,3006.25,16407,3014.00409886024,8188,8219,,
20200303-205600.000,0,8915,3006,3006.5,2993.75,2997.25,14142,2998.68363739217,7655,6487,,
20200303-205700.000,0,7083,2997.25,3000.5,2994.25,2994.25,11865,2997.70834386852,5831,6034,,
20200303-205800.000,0,9540,2994.75,3001,2994.75,2998.25,17913,2998.64549489198,8947,8966,,
20200303-205900.000,0,21753,2998,3006.25,2997.25,3000.25,70077,3000.37531215663,35705,34372,,
20200303-210000.000,0,8811,3000.25,3008.75,2995.25,3002.5,22181,3001.54614309544,10323,9482,,
20200303-210100.000,0,3342,3002.5,3007.25,3002.25,3005.5,7805,3005.11479820628,3513,4292,,
20200303-210200.000,0,2834,3005.75,3011.25,3004.75,3010.5,6712,3007.22366656734,3198,3514,,
20200303-210300.000,0,2505,3010.75,3013.25,3009,3010.5,6206,3010.82279245891,3507,2699,,
20200303-210400.000,0,2227,3010.25,3015.75,3009.75,3014.5,4937,3013.24863277294,2419,2518,,
20200303-210500.000,0,2256,3014.5,3018.25,3012.75,3014.25,4815,3014.5557113188,2448,2367,,
20200303-210600.000,0,1040,3014.5,3016,3013,3015.5,2345,3014.54392324094,1054,1291,,
20200303-210700.000,0,1771,3015.5,3017.5,3011.5,3012.25,3675,3014.82306122449,1951,1724,,
20200303-210800.000,0,1540,3012.25,3014,3009.75,3012.25,2960,3011.95320945946,1675,1285,,
20200303-210900.000,0,982,3012,3016.5,3011,3015.25,1906,3013.7759706191,763,1143,,
20200303-211000.000,0,1741,3015.25,3016.25,3008.25,3008.5,3141,3012.43043616683,1859,1282,,
20200303-211100.000,0,1338,3008.75,3012,3006.5,3008.25,2442,3008.930999181,1347,1095,,
20200303-211200.000,0,968,3008.25,3010,3007.75,3008.25,2260,3008.75542035398,1189,1071,,
20200303-211300.000,0,1453,3008.5,3009,3006,3006.75,3048,3007.13935367454,1574,1474,,
20200303-211400.000,0,7073,3006.75,3007,2994,2997,19490,2998.34834530529,9462,10028,,
20200303-213000.000,0,1066,2997.75,2999.25,2996.5,2997,2231,2997.73352756611,966,797,,
20200303-213100.000,0,718,2997,2997.75,2993.75,2994.75,1211,2995.92671345995,765,446,,
20200303-213200.000,0,841,2994.75,2995.5,2991.75,2993.75,1461,2993.73459958932,697,764,,
20200303-213300.000,0,851,2994,3000.5,2994,3000,1413,2997.87048832272,575,838,,
20200303-213400.000,0,333,3000,3001.75,2999.25,2999.75,458,3000.69650655022,217,241,,
20200303-213500.000,0,299,2999.5,2999.5,2996.5,2997.5,346,2997.9588150289,222,124,,
20200303-213600.000,0,337,2997,2999.75,2997,2999,456,2998.81798245614,245,211,,
20200303-213700.000,0,331,2998.75,3000.5,2998,2998,429,2999.42365967366,246,183,,
20200303-213800.000,0,259,2998.25,3000,2998,2999.75,331,2998.61404833837,171,160,,
20200303-213900.000,0,283,2999.75,3000,2998,2998.25,370,2998.91689189189,229,141,,
20200303-214000.000,0,203,2998.25,2998.75,2996,2996.75,362,2997.27555248619,215,147,,
20200303-214100.000,0,266,2996.75,2998,2996,2997,328,2996.9618902439,164,164,,
20200303-214200.000,0,154,2996.75,2996.75,2995.5,2996.25,197,2996.10659898477,104,93,,
20200303-214300.000,0,286,2996.25,2996.5,2994.75,2995,469,2995.71801705757,244,225,,
20200303-214400.000,0,318,2994.75,2998,2994.5,2996.25,482,2996.65767634855,223,259,,
20200303-214500.000,0,995,2996.75,2996.75,2992.75,2994.5,1527,2994.39718402096,643,884,,
20200303-214600.000,0,384,2994.25,2994.75,2992.75,2993.25,500,2993.7145,286,214,,
20200303-214700.000,0,298,2993,2995.5,2992.75,2994.25,423,2994.01004728132,177,246,,
20200303-214800.000,0,179,2994,2994.25,2992.75,2994.25,296,2993.46621621622,122,174,,
20200303-214900.000,0,204,2994,2994.75,2992.5,2992.5,261,2993.68295019157,160,101,,
20200303-215000.000,0,288,2992.75,2994,2992.25,2992.75,357,2993.00070028011,189,168,,
20200303-215100.000,0,883,2992.75,2993.5,2989.75,2991.25,1324,2991.59120090634,664,660,,
20200303-215200.000,0,230,2991.25,2992,2990,2990.5,322,2990.93944099379,163,159,,
20200303-215300.000,0,313,2990.25,2990.75,2989.5,2990.5,609,2989.99507389163,261,348,,
20200303-215400.000,0,280,2990.75,2991,2989.25,2990.25,500,2989.9795,272,228,,
20200303-215500.000,0,132,2990.5,2991,2990.5,2991,249,2990.8734939759,58,191,,
20200303-215600.000,0,130,2991,2992,2990.5,2991.75,275,2991.69727272727,44,231,,
20200303-215700.000,0,214,2991.75,2993.5,2991.5,2991.75,387,2992.30684754522,155,232,,
20200303-215800.000,0,182,2992,2992.5,2990.25,2990.5,265,2991.18773584906,157,108,,
20200303-215900.000,0,209,2990.25,2990.5,2989.25,2989.5,362,2989.77417127072,194,168,,
20200303-230000.000,0,1256,2988.25,2996,2987.5,2992.75,2095,2990.73269689738,740,775,,
20200303-230100.000,0,658,2993,2995.75,2991.25,2992.75,862,2993.64965197216,350,512,,
20200303-230200.000,0,878,2992.75,2993.75,2984,2986,1322,2988.09512102874,760,562,,
20200303-230300.000,0,730,2986,2987.25,2980.25,2980.25,1160,2983.72262931035,687,473,,
20200303-230400.000,0,659,2980.25,2986.25,2978,2984.25,798,2981.6876566416,454,344,,
20200303-230500.000,0,463,2984.25,2985.75,2982,2983,539,2984.33766233766,299,240,,
20200303-230600.000,0,359,2983.25,2986,2981.75,2983,424,2983.82311320755,193,231,,
20200303-230700.000,0,788,2983.25,2987.5,2977,2978,1107,2981.87037037037,698,409,,
20200303-230800.000,0,563,2977.75,2980.5,2976.5,2977,671,2978.36624441133,350,321,,
20200303-230900.000,0,347,2977.25,2981.5,2976.5,2981,491,2979.57484725051,199,292,,
20200303-231000.000,0,283,2981.25,2982.25,2979.25,2980.25,346,2980.3598265896,191,155,,
20200303-231100.000,0,171,2980.5,2982.75,2980.25,2982.75,208,2981.57932692308,71,137,,
20200303-231200.000,0,403,2982.25,2983.5,2977.25,2980.25,494,2980.23684210526,340,154,,
20200303-231300.000,0,174,2980.5,2980.75,2978.25,2979.75,206,2979.34344660194,96,110,,
20200303-231400.000,0,199,2979.75,2981,2979.25,2981,260,2980.47596153846,113,147,,
20200303-231500.000,0,160,2981,2981,2980,2980.25,303,2980.66254125413,144,159,,
20200303-231600.000,0,96,2980.5,2980.5,2979.5,2979.75,139,2979.92446043165,83,56,,
20200303-231700.000,0,269,2979.5,2979.5,2976.75,2977.75,351,2978.05056980057,228,123,,
20200303-231800.000,0,222,2978,2980,2978,2980,459,2979.38671023965,97,362,,
20200303-231900.000,0,779,2979.75,2984.5,2979.25,2984.25,1570,2982.01178343949,812,758,,
20200303-232000.000,0,492,2984.5,2987.75,2984.5,2986.5,639,2986.21165884194,268,371,,
20200303-232100.000,0,263,2986.5,2988,2986,2988,359,2987.33635097493,127,232,,
20200303-232200.000,0,646,2988,2992,2987.75,2991.5,973,2990.20503597122,421,552,,
20200303-232300.000,0,244,2991.75,2992,2989,2989,321,2991.1285046729,160,161,,
20200303-232400.000,0,175,2989.25,2991.75,2988.5,2991.25,234,2990.51709401709,116,118,,
20200303-232500.000,0,452,2991.5,2994.75,2991.25,2994.25,634,2993.375,241,393,,
20200303-232600.000,0,419,2994,2995.5,2993.25,2994,714,2994.3081232493,367,347,,
20200303-232700.000,0,261,2994.25,2994.75,2991,2991.5,463,2992.80075593953,243,220,,
20200303-232800.000,0,310,2991.75,2992.25,2989,2990.25,538,2990.19702602231,256,282,,
20200303-232900.000,0,164,2990,2990,2989,2989,416,2989.54026442308,277,139,,
20200303-233000.000,0,414,2989.25,2989.5,2986.25,2988,649,2987.65331278891,350,299,,
20200303-233100.000,0,321,2988,2989,2986,2988.75,548,2987.66468978102,211,337,,
20200303-233200.000,0,291,2988.75,2988.75,2986,2986.5,432,2987.50578703704,246,186,,
20200303-233300.000,0,233,2986.5,2990.75,2986.5,2990.75,412,2988.18810679612,146,266,,
20200303-233400.000,0,348,2990.75,2991,2985,2985,483,2987.4265010352,298,185,,
20200303-233500.000,0,455,2985,2986.5,2982,2985.25,567,2983.93121693122,370,197,,
20200303-233600.000,0,210,2985.75,2987,2984,2987,335,2985.28880597015,159,176,,
20200303-233700.000,0,398,2987,2987,2982.25,2984,696,2984.52406609195,427,269,,
20200303-233800.000,0,325,2983.75,2986.25,2983.75,2984.75,555,2985.07477477477,264,291,,
20200303-233900.000,0,210,2984.75,2986,2983.75,2985.75,451,2985.10088691796,206,245,,
20200303-234000.000,0,221,2985.5,2988.5,2985.25,2987.25,445,2986.33202247191,194,251,,
20200303-234100.000,0,323,2987.75,2989.75,2986.75,2989,562,2988.12010676157,272,290,,
20200303-234200.000,0,302,2989,2990.5,2986.75,2987.75,496,2988.37550403226,256,240,,
20200303-234300.000,0,443,2987.25,2988,2984.5,2987,633,2985.96800947867,329,304,,
20200303-234400.000,0,228,2987.25,2987.75,2985.75,2985.75,542,2986.64852398524,290,252,,
20200303-234500.000,0,211,2986,2986,2983.75,2984.5,243,2984.91049382716,114,129,,
20200303-234600.000,0,256,2984.5,2985.25,2983,2984.75,510,2984.11617647059,248,262,,
20200303-234700.000,0,274,2984.75,2989,2984.5,2989,383,2987.20822454308,175,208,,
20200303-234800.000,0,387,2989,2992.5,2988.75,2991.5,512,2990.62353515625,214,298,,
20200303-234900.000,0,193,2991.25,2991.25,2989,2989.75,257,2990.22957198444,168,89,,
20200303-235000.000,0,262,2989.75,2989.75,2987.5,2988,390,2988.66666666667,188,202,,
20200303-235100.000,0,258,2988.25,2989.75,2988.25,2988.5,674,2988.64948071217,370,304,,
20200303-235200.000,0,220,2988.5,2988.5,2986.25,2987.25,381,2987.37860892389,214,167,,
20200303-235300.000,0,177,2987.5,2989.25,2986.25,2989.25,312,2987.39983974359,150,162,,
20200303-235400.000,0,70,2989,2989,2987.5,2988,86,2988.24127906977,46,40,,
20200303-235500.000,0,216,2988.25,2991.75,2988,2991,284,2990.48679577465,107,177,,
20200303-235600.000,0,206,2990.75,2990.75,2987.75,2989.75,266,2989.27819548872,118,148,,
20200303-235700.000,0,129,2989.5,2989.75,2988,2988.75,157,2988.84554140127,102,55,,
20200303-235800.000,0,235,2988.25,2990.5,2988.25,2989,357,2989.44817927171,156,201,,
20200303-235900.000,0,173,2989,2991,2988.25,2990.75,210,2990.01547619048,83,127,,
