Time,Sequence,Count,Open,High,Low,Close,Volume,VWAP,BidVolume,AskVolume,ImpVolatility,OpenInterest
20220718-000000.000,0,188,3874.5,3874.75,3873.5,3873.75,232,3873.91379310345,130,102,0.3731,2302872
20220718-000100.000,0,99,3873.75,3874.5,3873.75,3874.5,103,3874.26699029126,41,62,0.3759,2302872
20220718-000200.000,0,141,3874.5,3875,3873.5,3874,149,3874.31375838926,59,90,0.2584,2302872
20220718-000300.000,0,53,3874,3875,3874,3874.75,55,3874.43636363636,26,29,0.3837,2302872
20220718-000400.000,0,86,3874.75,3875,3874.25,3875,99,3874.7904040404,40,59,0.252,2302872
20220718-000500.000,0,48,3875,3875.5,3874.5,3875,48,3875.05729166667,24,24,0.2519,2302872
20220718-000600.000,0,41,3874.75,3875.25,3874.5,3875.25,42,3874.77976190476,20,22,0.2996,2302872
20220718-000700.000,0,120,3875.5,3876.25,3875.25,3875.5,133,3875.87781954887,46,87,0.2519,2302872
20220718-000800.000,0,89,3875.75,3875.75,3875,3875,96,3875.3125,53,43,0.3642,2302872
20220718-000900.000,0,52,3875.25,3875.5,3874.5,3874.5,60,3875.04583333333,42,18,0.3755,2302872
20220718-001000.000,0,138,3875,3875.25,3873.5,3873.75,178,3874.36657303371,132,46,0.3829,2302872
20220718-001100.000,0,196,3873.75,3874,3872.25,3872.5,211,3872.84360189573,134,77,0.3829,2302872
20220718-001200.000,0,180,3872.75,3872.75,3871,3871.75,222,3871.86711711712,144,78,0.2521,2302872
20220718-001300.000,0,158,3871.75,3872,3871,3871.75,166,3871.5843373494,90,76,0.3811,2302872
20220718-001400.000,0,56,3872,3872,3871.25,3871.5,61,3871.60655737705,40,21,0.2523,2302872
20220718-001500.000,0,175,3871.5,3871.5,3870.25,3870.5,219,3870.82420091324,124,95,0.2523,2302872
20220718-001600.000,0,160,3870.5,3871.5,3870.25,3871.5,185,3870.9,103,82,0.2525,2302872
20220718-001700.000,0,47,3871.5,3871.75,3871.25,3871.25,59,3871.59322033898,22,37,0.2525,2302872
20220718-001800.000,0,81,3871.25,3871.75,3870.75,3871.75,88,3871.15909090909,44,44,0.2526,2302872
20220718-001900.000,0,48,3871.75,3872,3871.5,3871.5,55,3871.83636363636,28,27,0.2524,2302872
20220718-002000.000,0,39,3871.5,3872,3871.5,3872,44,3871.65340909091,20,24,0.2525,2302872
20220718-002100.000,0,27,3872,3872.25,3872,3872.25,30,3872.08333333333,15,15,0.2526,2302872
20220718-002200.000,0,68,3872,3872,3871,3871.5,72,3871.48958333333,41,31,0.2524,2302872
20220718-002300.000,0,61,3871.5,3872.25,3871.25,3872,69,3871.82246376812,30,39,0.3803,2302872
20220718-002400.000,0,59,3872,3872.5,3872,3872.25,61,3872.19672131148,35,26,0.2524,2302872
20220718-002500.000,0,58,3872.25,3872.25,3871.75,3872.25,63,3872.06746031746,38,25,0.3732,2302872
20220718-002600.000,0,43,3872.25,3872.75,3872.25,3872.5,45,3872.46111111111,17,28,0.2524,2302872
20220718-002700.000,0,46,3872.5,3873,3872.5,3872.75,47,3872.69680851064,16,31,0.2524,2302872
20220718-002800.000,0,22,3872.75,3873,3872.5,3872.5,22,3872.67045454545,16,6,0.2523,2302872
20220718-002900.000,0,33,3872.75,3873,3872.25,3872.75,40,3872.61875,16,24,0.2524,2302872
20220718-003000.000,0,59,3872.75,3873,3872.25,3873,74,3872.80405405405,30,44,0.2523,2302872
20220718-003100.000,0,30,3872.75,3872.75,3872.25,3872.25,33,3872.61363636364,22,11,0.379,2302872
20220718-003200.000,0,75,3872,3872,3871,3871.75,82,3871.63719512195,43,39,0.3969,2302872
20220718-003300.000,0,30,3871.75,3871.75,3871,3871.25,32,3871.3359375,15,17,0.3969,2302872
20220718-003400.000,0,62,3871.5,3871.75,3870.75,3871.25,66,3871.25378787879,35,31,0.383,2302872
20220718-003500.000,0,60,3871,3872,3871,3871.75,92,3871.40217391304,30,62,0.2539,2302872
20220718-003600.000,0,38,3872,3872,3871.25,3871.25,43,3871.5523255814,24,19,0.2543,2302872
20220718-003700.000,0,83,3871.25,3871.25,3870.25,3870.25,97,3870.64175257732,72,25,0.3841,2302872
20220718-003800.000,0,102,3870.25,3870.5,3869.75,3869.75,148,3870.07432432432,116,32,0.3355,2302872
20220718-003900.000,0,390,3869.75,3869.75,3867.5,3867.75,514,3868.49221789883,326,188,0.3851,2288960
20220718-004000.000,0,261,3868,3868,3867.5,3867.75,353,3867.8052407932,144,209,0.389,2288960
20220718-004100.000,0,88,3868,3868.75,3867.75,3868.75,104,3868.12740384615,39,65,0.2541,2288960
20220718-004200.000,0,45,3868.75,3868.75,3868.5,3868.75,47,3868.6914893617,25,22,0.2541,2288960
20220718-004300.000,0,97,3868.75,3869,3867.75,3868,147,3868.35034013605,115,32,0.253,2288960
20220718-004400.000,0,252,3868,3868,3866.25,3867,314,3866.89012738854,245,69,0.3402,2288960
20220718-004500.000,0,73,3867,3868,3867,3867.5,73,3867.41438356164,40,33,0.2533,2288960
20220718-004600.000,0,46,3867.75,3868.25,3867.75,3868.25,49,3867.87244897959,14,35,0.2534,2288960
20220718-004700.000,0,39,3868.25,3868.25,3867.25,3867.75,39,3867.69871794872,21,18,0.2532,2288960
20220718-004800.000,0,46,3867.75,3868.25,3867.5,3868,59,3867.95338983051,22,37,0.3848,2288960
20220718-004900.000,0,43,3868.25,3868.25,3867,3867,44,3867.5625,25,19,0.2766,2288960
20220718-005000.000,0,68,3867,3867.5,3866.75,3867.25,71,3867,40,31,0.3785,2288960
20220718-005100.000,0,35,3867,3867.25,3866.75,3866.75,37,3866.93918918919,20,17,0.3785,2288960
20220718-005200.000,0,113,3866.5,3867,3866,3866.5,121,3866.42975206612,72,49,0.307,2288960
20220718-005300.000,0,23,3866.5,3867,3866.5,3866.5,30,3866.71666666667,15,15,0.307,2288960
20220718-005400.000,0,136,3866.5,3866.5,3865.75,3866.5,162,3866.14814814815,88,74,0.3695,2288960
20220718-005500.000,0,65,3866.75,3867.5,3866.25,3867.5,68,3867.02205882353,17,51,0.2545,2288960
20220718-005600.000,0,60,3867.25,3868.25,3867.25,3868,64,3867.75390625,18,46,0.2532,2288960
20220718-005700.000,0,22,3868,3868.25,3867.75,3868,22,3868.11363636364,14,8,0.2532,2288960
20220718-005800.000,0,76,3868,3868.5,3867.75,3868.25,80,3868.128125,45,35,0.2532,2288960
20220718-005900.000,0,137,3868.25,3868.5,3867,3867.25,149,3867.85906040268,118,31,0.3759,2288960
20220718-010000.000,0,63,3867.5,3867.75,3867.25,3867.75,68,3867.54779411765,32,36,0.3759,2288960
20220718-010100.000,0,67,3868,3868,3867.25,3867.75,72,3867.67708333333,42,30,0.3759,2288960
20220718-010200.000,0,31,3868,3868.5,3867.75,3868.5,33,3868.31818181818,7,26,0.3306,2288960
20220718-010300.000,0,126,3868.5,3869,3868,3868.75,132,3868.60795454545,56,76,0.3306,2288960
20220718-010400.000,0,67,3868.75,3869.5,3868.5,3869.25,67,3869.04850746269,34,33,0.2544,2288960
20220718-010500.000,0,58,3869.5,3869.5,3868.75,3869.25,58,3869.10344827586,32,26,0.3675,2288960
20220718-010600.000,0,75,3869,3869.25,3868.25,3868.5,87,3868.61781609195,50,37,0.2533,2288960
20220718-010700.000,0,84,3868.25,3868.75,3867.75,3868.75,93,3868.07258064516,52,41,0.3774,2288960
20220718-010800.000,0,52,3868.75,3869.25,3868.75,3869.25,55,3868.96363636364,22,33,0.3774,2288960
20220718-010900.000,0,52,3869.5,3869.5,3869,3869.5,58,3869.38793103448,22,36,0.254,2288960
20220718-011000.000,0,282,3869.5,3869.75,3867.5,3868,318,3868.24921383648,221,97,0.254,2288960
20220718-011100.000,0,58,3868.25,3868.75,3868.25,3868.75,61,3868.59426229508,12,49,0.3907,2288960
20220718-011200.000,0,60,3868.75,3868.75,3868,3868.25,63,3868.40079365079,39,24,0.2534,2288960
20220718-011300.000,0,101,3868.25,3868.75,3867.75,3868,114,3868.28947368421,44,70,0.2534,2288960
20220718-011400.000,0,65,3868.5,3869.5,3868.25,3869.5,67,3868.91044776119,15,52,0.2534,2288960
20220718-011500.000,0,229,3869.25,3871,3869.25,3871,253,3870.27964426877,76,177,0.253,2288960
20220718-011600.000,0,264,3871.25,3872.75,3871.25,3872,296,3871.87415540541,118,178,0.2543,2288960
20220718-011700.000,0,109,3872.25,3872.25,3871.5,3872,116,3871.98060344828,62,54,0.2543,2288960
20220718-011800.000,0,90,3872,3872.5,3871.5,3872,94,3872.09840425532,50,44,0.3837,2288960
20220718-011900.000,0,156,3872,3873,3872,3873,167,3872.49700598802,78,89,0.2528,2288960
20220718-012000.000,0,74,3873,3873,3872,3872.25,76,3872.72697368421,42,34,0.2528,2288960
20220718-012100.000,0,63,3872.25,3873,3872,3872.5,66,3872.70454545455,43,23,0.2543,2288960
20220718-012200.000,0,59,3872.25,3872.75,3872,3872,59,3872.28813559322,34,25,0.3949,2288960
20220718-012300.000,0,93,3872,3873.25,3871.75,3873,95,3872.53684210526,42,53,0.3949,2288960
20220718-012400.000,0,191,3873,3874.75,3873,3874,206,3874.15291262136,97,109,0.2528,2288960
20220718-012500.000,0,207,3874,3875.5,3874,3874.5,246,3874.78760162602,106,140,0.3772,2288960
20220718-012600.000,0,91,3874.5,3874.75,3873.25,3873.5,96,3874.015625,64,32,0.3708,2288960
20220718-012700.000,0,91,3873.25,3874,3873,3874,95,3873.67368421053,42,53,0.3747,2288960
20220718-012800.000,0,69,3874,3874,3873,3873.25,81,3873.66666666667,47,34,0.3254,2288960
20220718-012900.000,0,44,3873.25,3873.75,3873.25,3873.25,50,3873.34,32,18,0.3826,2288960
20220718-013000.000,0,116,3873.5,3874,3872.25,3872.75,135,3872.99814814815,88,47,0.3851,2288960
20220718-013100.000,0,64,3872.75,3873,3872,3872.5,66,3872.60984848485,35,31,0.2527,2288960
20220718-013200.000,0,70,3872.25,3872.75,3872,3872.5,75,3872.34666666667,40,35,0.2527,2288960
20220718-013300.000,0,82,3872.5,3872.5,3871.75,3872,82,3872.17682926829,50,32,0.2527,2288960
20220718-013400.000,0,71,3872,3874,3872,3874,93,3872.50537634409,11,82,0.2528,2288960
20220718-013500.000,0,65,3873.75,3874.25,3873.25,3873.5,75,3873.77,46,29,0.2527,2288960
20220718-013600.000,0,126,3873.5,3873.5,3871.25,3871.75,140,3872.20357142857,106,34,0.2527,2288960
20220718-013700.000,0,178,3872,3872,3870.25,3870.5,252,3870.58234126984,167,85,0.381,2288960
20220718-013800.000,0,90,3870.5,3871.25,3870,3870.25,100,3870.42,67,33,0.381,2288960
20220718-013900.000,0,151,3870.25,3870.25,3869,3870,183,3869.64344262295,113,70,0.2529,2288960
20220718-014000.000,0,89,3870,3870.25,3869.5,3870.25,96,3869.85677083333,43,53,0.3749,2288960
20220718-014100.000,0,89,3870,3870.75,3869.5,3870.75,96,3870.07552083333,36,60,0.2536,2288960
20220718-014200.000,0,109,3870.75,3871.5,3870.25,3871.25,116,3870.8125,58,58,0.2532,2288960
20220718-014300.000,0,43,3871.25,3871.5,3870.75,3871.5,44,3871.125,13,31,0.2533,2288960
20220718-014400.000,0,88,3871.5,3871.5,3870.5,3870.75,101,3870.92326732673,53,48,0.2531,2288960
20220718-014500.000,0,46,3870.75,3870.75,3870.25,3870.75,47,3870.51595744681,25,22,0.3767,2288960
20220718-014600.000,0,54,3871,3871,3870.25,3871,55,3870.59090909091,24,31,0.3659,2288960
20220718-014700.000,0,71,3871,3871.75,3870.5,3871.5,77,3871.16233766234,34,43,0.2532,2288960
20220718-014800.000,0,144,3871.5,3872.75,3871.25,3872.5,154,3872.08441558442,36,118,0.2532,2288960
20220718-014900.000,0,68,3872.25,3872.75,3872,3872.25,71,3872.31690140845,49,22,0.381,2288960
20220718-015000.000,0,150,3872.25,3873.75,3872.25,3873.75,166,3873.15210843374,55,111,0.381,2288960
20220718-015100.000,0,138,3873.5,3873.75,3873,3873.75,167,3873.40568862275,96,71,0.2526,2288960
20220718-015200.000,0,79,3873.5,3873.75,3873.25,3873.5,92,3873.55163043478,47,45,0.2526,2288960
20220718-015300.000,0,57,3873,3873.75,3873,3873.5,60,3873.30416666667,28,32,0.2526,2288960
20220718-015400.000,0,51,3873.75,3873.75,3873.25,3873.5,67,3873.36940298507,47,20,0.3811,2288960
20220718-015500.000,0,47,3873.25,3873.25,3872.75,3872.75,47,3873.09042553192,32,15,0.2652,2288960
20220718-015600.000,0,73,3873,3873.25,3872.25,3873.25,98,3872.69132653061,43,55,0.3888,2288960
20220718-015700.000,0,45,3873,3873.25,3873,3873,48,3873.10416666667,27,21,0.2524,2288960
20220718-015800.000,0,28,3873,3873.5,3872.75,3873,28,3873.10714285714,15,13,0.2524,2288960
20220718-015900.000,0,32,3873,3873.5,3872.75,3873,33,3872.89393939394,18,15,0.3866,2288960
20220718-020000.000,0,93,3873.5,3874.25,3873,3873.25,95,3873.67631578947,36,59,0.2521,2288960
20220718-020100.000,0,65,3873.5,3874.25,3873.25,3874,68,3873.66544117647,29,39,0.2521,2288960
20220718-020200.000,0,47,3874,3874,3873,3873,78,3873.65705128205,63,15,0.3797,2288960
20220718-020300.000,0,34,3873,3873.25,3872.5,3872.75,34,3872.91911764706,21,13,0.3797,2288960
20220718-020400.000,0,61,3872.75,3873.25,3872.5,3872.75,74,3872.88175675676,45,29,0.3784,2288960
20220718-020500.000,0,58,3872.5,3872.75,3872,3872.25,65,3872.34230769231,53,12,0.3695,2288960
20220718-020600.000,0,46,3872.25,3872.5,3872,3872.5,50,3872.2,35,15,0.3859,2288960
20220718-020700.000,0,36,3872.5,3872.75,3872.25,3872.5,36,3872.53472222222,16,20,0.2542,2288960
20220718-020800.000,0,34,3872.5,3873,3872.5,3872.75,38,3872.76315789474,9,29,0.369,2288960
20220718-020900.000,0,30,3873,3873.25,3872.25,3872.5,38,3872.79605263158,18,20,0.369,2288960
20220718-021000.000,0,18,3872.75,3873,3872.75,3873,20,3872.85,3,17,0.369,2288960
20220718-021100.000,0,19,3873,3873.5,3873,3873.5,27,3873.16666666667,8,19,0.2532,2288960
20220718-021200.000,0,36,3873.5,3873.75,3872.75,3872.75,46,3873.23913043478,29,17,0.2529,2288960
20220718-021300.000,0,46,3872.5,3872.75,3872,3872,53,3872.31132075472,40,13,0.3706,2288960
20220718-021400.000,0,16,3872,3872.5,3872,3872.5,20,3872.1625,9,11,0.3792,2288960
20220718-021500.000,0,41,3872.5,3873.25,3872.5,3873,56,3872.95535714286,14,42,0.3792,2288960
20220718-021600.000,0,50,3873,3873.75,3873,3873.25,50,3873.29,20,30,0.2529,2288960
20220718-021700.000,0,46,3873.5,3873.75,3872.75,3873.5,55,3873.18636363636,35,20,0.2529,2288960
20220718-021800.000,0,33,3873.5,3874,3873.25,3873.75,33,3873.74242424242,13,20,0.3627,2288960
20220718-021900.000,0,74,3874,3874.5,3873.5,3873.5,74,3874.04054054054,32,42,0.3627,2288960
20220718-022000.000,0,40,3873.5,3874,3873.5,3873.75,41,3873.76829268293,24,17,0.3627,2288960
20220718-022100.000,0,55,3873.5,3873.5,3872.5,3872.75,59,3872.82627118644,33,26,0.3627,2288960
20220718-022200.000,0,57,3873,3873.5,3873,3873.25,58,3873.20689655172,22,36,0.3867,2288960
20220718-022300.000,0,59,3873.25,3873.75,3872.75,3873,76,3873.25657894737,49,27,0.2529,2288960
20220718-022400.000,0,35,3873,3873,3872.5,3872.75,58,3872.81465517241,37,21,0.2528,2288960
20220718-022500.000,0,33,3872.75,3873.25,3872.75,3873.25,40,3872.8625,26,14,0.38,2288960
20220718-022600.000,0,25,3873.25,3873.5,3873,3873.25,26,3873.25,9,17,0.2534,2288960
20220718-022700.000,0,24,3873,3873,3872.5,3872.5,26,3872.72115384615,16,10,0.2539,2288960
20220718-022800.000,0,96,3873,3873,3871.5,3871.75,105,3872.10952380952,75,30,0.3883,2288960
20220718-022900.000,0,71,3872,3872,3871,3871.5,73,3871.41095890411,37,36,0.3829,2288960
20220718-023000.000,0,43,3871.5,3872.25,3871.5,3872.25,47,3871.95744680851,25,22,0.383,2288960
20220718-023100.000,0,72,3872.25,3873.25,3872.25,3873.25,89,3872.80337078652,13,76,0.2531,2288960
20220718-023200.000,0,43,3873,3873.5,3872.75,3872.75,46,3873.1902173913,16,30,0.2532,2288960
20220718-023300.000,0,26,3872.75,3872.75,3872.5,3872.75,26,3872.69230769231,10,16,0.2532,2288960
20220718-023400.000,0,22,3873,3873.25,3873,3873,25,3873.02,16,9,0.3774,2288960
20220718-023500.000,0,152,3873,3874.5,3872.75,3874.25,184,3873.91440217391,42,142,0.2528,2288960
20220718-023600.000,0,624,3874.25,3874.75,3870.25,3871.75,705,3872.46595744681,511,194,0.2528,2288960
20220718-023700.000,0,113,3872,3873.5,3871.75,3873.5,114,3872.81798245614,46,68,0.3682,2288960
20220718-023800.000,0,67,3873.75,3874.5,3873.75,3874,95,3874.11315789474,22,73,0.253,2288960
20220718-023900.000,0,52,3874,3874,3873.5,3873.5,58,3873.78017241379,28,30,0.3859,2288960
20220718-024000.000,0,102,3873.25,3873.75,3872.75,3873.75,112,3873.18303571429,54,58,0.3859,2288960
20220718-024100.000,0,69,3873.5,3874,3873,3873.5,81,3873.58024691358,50,31,0.3799,2288960
20220718-024200.000,0,34,3873.75,3874.25,3873.5,3874.25,35,3873.95,18,17,0.2526,2288960
20220718-024300.000,0,36,3874,3874.5,3873.5,3874.5,36,3873.91666666667,22,14,0.2526,2288960
20220718-024400.000,0,41,3874.5,3874.5,3873.75,3874,45,3873.93333333333,26,19,0.2527,2288960
20220718-024500.000,0,21,3874,3874,3873.5,3873.5,21,3873.78571428571,12,9,0.3752,2288960
20220718-024600.000,0,76,3873.5,3874.25,3873.25,3874.25,100,3873.615,59,41,0.3819,2288960
20220718-024700.000,0,60,3874.25,3874.5,3873.75,3873.75,64,3874.11328125,32,32,0.2526,2288960
20220718-024800.000,0,46,3874,3874,3873,3873,49,3873.46428571429,37,12,0.2526,2288960
20220718-024900.000,0,55,3873,3874,3872.75,3874,57,3873.13157894737,29,28,0.3946,2288960
20220718-025000.000,0,48,3874,3874.25,3873.75,3874.25,55,3873.96818181818,29,26,0.2529,2288960
20220718-025100.000,0,82,3874.25,3874.75,3873.75,3874.25,86,3874.2761627907,47,39,0.2529,2288960
20220718-025200.000,0,42,3874.25,3874.75,3873.75,3874.25,42,3874.23214285714,17,25,0.3696,2288960
20220718-025300.000,0,105,3874.5,3875.5,3874,3874.75,133,3874.91729323308,42,91,0.3815,2288960
20220718-025400.000,0,55,3874.5,3874.5,3874,3874,60,3874.27916666667,47,13,0.2527,2288960
20220718-025500.000,0,61,3874.25,3874.75,3874.25,3874.25,70,3874.55,22,48,0.2531,2288960
20220718-025600.000,0,99,3874.25,3875.25,3874.25,3874.75,110,3874.80227272727,49,61,0.377,2288960
20220718-025700.000,0,80,3874.75,3875.25,3874.5,3875,93,3874.87096774194,47,46,0.3684,2288960
20220718-025800.000,0,53,3874.75,3875,3874.5,3875,56,3874.85714285714,37,19,0.3684,2288960
20220718-025900.000,0,55,3875,3875,3874.75,3874.75,70,3874.96428571429,50,20,0.2527,2288960
20220718-030000.000,0,57,3875,3875.25,3874.75,3875,57,3874.91666666667,28,29,0.2535,2288960
20220718-030100.000,0,34,3874.75,3875,3874.5,3875,39,3874.84615384615,18,21,0.3677,2288960
20220718-030200.000,0,113,3875,3876.25,3874.75,3875.75,146,3875.66267123288,61,85,0.2528,2288960
20220718-030300.000,0,72,3875.75,3876.25,3875.25,3876,81,3875.58950617284,32,49,0.2522,2288960
20220718-030400.000,0,107,3876,3876.75,3876,3876.5,120,3876.52708333333,57,63,0.2525,2288960
20220718-030500.000,0,208,3876.5,3878,3876.25,3877.5,284,3877.35387323944,76,208,0.2532,2288960
20220718-030600.000,0,237,3877.5,3878.5,3877,3877.5,294,3877.84523809524,126,168,0.2523,2288960
20220718-030700.000,0,83,3877.5,3878.25,3877.5,3878.25,97,3877.79896907217,50,47,0.3664,2288960
20220718-030800.000,0,166,3878,3878.5,3877,3878,202,3877.85024752475,133,69,0.3664,2288960
20220718-030900.000,0,255,3878,3879.5,3877.5,3878.75,393,3878.46246819338,143,250,0.3662,2288960
20220718-031000.000,0,137,3878.75,3878.75,3878,3878.25,189,3878.43121693122,116,73,0.2534,2288960
20220718-031100.000,0,94,3878.5,3878.75,3878,3878.25,98,3878.31632653061,45,53,0.3876,2288960
20220718-031200.000,0,77,3878.25,3879,3878.25,3879,80,3878.753125,20,60,0.3843,2288960
20220718-031300.000,0,226,3879,3880.5,3879,3879.25,292,3879.73801369863,83,209,0.2526,2288960
20220718-031400.000,0,61,3878.75,3879.25,3878.5,3878.75,62,3878.8064516129,31,31,0.2536,2288960
20220718-031500.000,0,95,3878.75,3879.5,3878.5,3879.25,104,3878.93028846154,67,37,0.382,2288960
20220718-031600.000,0,37,3879.25,3879.5,3879,3879.25,39,3879.23717948718,11,28,0.2525,2288960
20220718-031700.000,0,60,3879.25,3879.5,3878.5,3879.5,61,3878.95901639344,37,24,0.3731,2288960
20220718-031800.000,0,26,3879.5,3879.5,3879,3879.25,26,3879.14423076923,15,11,0.2525,2288960
20220718-031900.000,0,64,3879.5,3880,3879.25,3879.75,66,3879.53787878788,33,33,0.3334,2288960
20220718-032000.000,0,79,3879.75,3879.75,3878.75,3879,100,3879.33,62,38,0.3334,2288960
20220718-032100.000,0,52,3878.75,3879.5,3878.75,3879.25,59,3879.19491525424,24,35,0.3824,2288960
20220718-032200.000,0,100,3879.25,3880.5,3879,3880.25,126,3879.80952380952,56,70,0.3416,2288960
20220718-032300.000,0,297,3880.25,3881.75,3880,3881.5,353,3881.14235127479,103,250,0.253,2288960
20220718-032400.000,0,251,3881.5,3882.75,3880.75,3881.5,286,3881.7298951049,135,151,0.2524,2288960
20220718-032500.000,0,96,3881.75,3881.75,3880.75,3881.5,110,3881.525,59,51,0.3952,2288960
20220718-032600.000,0,119,3881.25,3882.25,3881,3882,125,3881.782,66,59,0.2536,2288960
20220718-032700.000,0,62,3881.75,3882.25,3881.25,3881.75,72,3881.82986111111,34,38,0.3804,2288960
20220718-032800.000,0,76,3881.5,3881.5,3881,3881.25,79,3881.37025316456,42,37,0.3716,2288960
20220718-032900.000,0,62,3881.5,3881.75,3881.25,3881.5,70,3881.49285714286,39,31,0.2523,2288960
20220718-033000.000,0,106,3881.5,3882,3881,3881,110,3881.48181818182,62,48,0.2523,2288960
20220718-033100.000,0,91,3881,3881,3880.25,3880.5,104,3880.61538461539,77,27,0.37,2288960
20220718-033200.000,0,41,3880.5,3881,3880.25,3880.75,45,3880.62777777778,28,17,0.3816,2288960
20220718-033300.000,0,54,3880.5,3880.5,3880,3880.25,63,3880.27777777778,37,26,0.2522,2288960
20220718-033400.000,0,106,3880.25,3881.5,3880.25,3881.25,115,3881.04130434783,36,79,0.3826,2288960
20220718-033500.000,0,60,3881,3881,3880.5,3880.5,70,3880.76785714286,49,21,0.2521,2288960
20220718-033600.000,0,100,3880.75,3880.75,3879.5,3880,107,3880.05607476636,60,47,0.2521,2288960
20220718-033700.000,0,86,3879.75,3880.5,3879.75,3879.75,93,3880.14516129032,54,39,0.2521,2288960
20220718-033800.000,0,52,3880,3881,3880,3880.75,56,3880.66071428571,21,35,0.2521,2288960
20220718-033900.000,0,138,3880.75,3881.75,3880.75,3881.25,151,3881.43543046358,94,57,0.3652,2288960
20220718-034000.000,0,88,3881.5,3881.75,3881.25,3881.25,103,3881.44660194175,52,51,0.2532,2288960
20220718-034100.000,0,527,3881.25,3884,3880.75,3881.5,725,3882.53586206897,195,530,0.253,2288960
20220718-034200.000,0,185,3881.5,3881.5,3880.25,3880.75,195,3880.80256410256,95,100,0.253,2288960
20220718-034300.000,0,117,3880.5,3880.75,3880,3880,136,3880.30698529412,102,34,0.253,2288960
20220718-034400.000,0,73,3880,3880.75,3880,3880.5,74,3880.2972972973,31,43,0.2523,2288960
20220718-034500.000,0,66,3880.5,3881,3880.25,3880.75,69,3880.54710144928,36,33,0.2525,2288960
20220718-034600.000,0,26,3880.75,3881,3880.25,3880.5,28,3880.64285714286,15,13,0.2525,2288960
20220718-034700.000,0,49,3880.75,3881,3880.5,3880.5,50,3880.705,21,29,0.2525,2288960
20220718-034800.000,0,37,3880.5,3881,3880.25,3880.25,39,3880.59615384615,20,19,0.2525,2288960
20220718-034900.000,0,20,3880.25,3880.5,3880,3880,20,3880.2375,11,9,0.2525,2288960
20220718-035000.000,0,57,3880,3880.75,3880,3880.25,61,3880.33196721312,29,32,0.3863,2288960
20220718-035100.000,0,39,3880.5,3880.5,3879.75,3879.75,39,3880.10897435897,22,17,0.3863,2288960
20220718-035200.000,0,31,3880,3880.5,3880,3880.25,31,3880.24193548387,11,20,0.2524,2288960
20220718-035300.000,0,45,3880.5,3881,3880.25,3880.75,48,3880.703125,13,35,0.2536,2288960
20220718-035400.000,0,36,3881,3881.25,3880.75,3880.75,45,3880.98333333333,31,14,0.2523,2288960
20220718-035500.000,0,81,3880.75,3881.5,3880.75,3881,101,3881.07178217822,61,40,0.2522,2288960
20220718-035600.000,0,34,3881,3881.25,3880.75,3880.75,36,3880.92361111111,27,9,0.2522,2288960
20220718-035700.000,0,59,3880.75,3880.75,3880,3880.25,59,3880.45338983051,40,19,0.2522,2288960
20220718-035800.000,0,54,3880.5,3881,3880.5,3881,82,3880.88414634146,17,65,0.3629,2288960
20220718-035900.000,0,24,3881,3881.25,3880.5,3880.5,24,3880.70833333333,16,8,0.2522,2288960
20220718-040000.000,0,120,3880.75,3882.25,3880.75,3881.5,142,3881.52992957747,52,90,0.3114,2288960
20220718-040100.000,0,60,3881.5,3882,3881.25,3881.25,66,3881.62878787879,42,24,0.3798,2288960
20220718-040200.000,0,45,3881.5,3882,3881,3881.75,47,3881.6329787234,18,29,0.2533,2288960
20220718-040300.000,0,44,3881.75,3881.75,3881.25,3881.5,59,3881.49576271186,43,16,0.252,2288960
20220718-040400.000,0,18,3881.5,3881.75,3881.5,3881.75,18,3881.68055555556,9,9,0.2535,2288960
20220718-040500.000,0,36,3881.75,3882,3881.5,3881.75,36,3881.6875,22,14,0.2518,2288960
20220718-040600.000,0,30,3881.75,3881.75,3881.25,3881.75,31,3881.57258064516,11,20,0.3734,2288960
20220718-040700.000,0,32,3881.5,3881.75,3881.5,3881.75,34,3881.66176470588,21,13,0.3734,2288960
20220718-040800.000,0,42,3881.75,3882,3881.25,3881.5,44,3881.4375,26,18,0.252,2288960
20220718-040900.000,0,36,3881.5,3882,3881.5,3881.75,38,3881.75657894737,17,21,0.3747,2288960
20220718-041000.000,0,28,3881.75,3882,3881.25,3881.5,28,3881.70535714286,22,6,0.252,2288960
20220718-041100.000,0,34,3881.5,3882,3881.5,3882,34,3881.80882352941,13,21,0.2536,2288960
20220718-041200.000,0,58,3882,3882,3881.5,3881.75,64,3881.7421875,44,20,0.252,2288960
20220718-041300.000,0,57,3881.75,3882,3881.5,3881.75,66,3881.78787878788,20,46,0.2521,2288960
20220718-041400.000,0,81,3881.75,3881.75,3880.75,3881,90,3881.13333333333,65,25,0.3777,2288960
20220718-041500.000,0,36,3880.75,3880.75,3880.25,3880.5,38,3880.57236842105,29,9,0.3777,2288960
20220718-041600.000,0,67,3880.5,3881,3880.25,3881,74,3880.59121621622,40,34,0.4042,2288960
20220718-041700.000,0,16,3880.75,3880.75,3880.5,3880.5,16,3880.6875,12,4,0.4042,2288960
20220718-041800.000,0,21,3880.75,3881,3880.5,3880.75,23,3880.72826086957,10,13,0.2858,2288960
20220718-041900.000,0,14,3880.75,3880.75,3880.25,3880.75,14,3880.64285714286,5,9,0.2522,2288960
20220718-042000.000,0,41,3880.75,3881,3880,3880.5,41,3880.46951219512,18,23,0.2522,2288960
20220718-042100.000,0,169,3880.5,3880.5,3879.25,3879.5,195,3879.72948717949,126,69,0.3957,2288960
20220718-042200.000,0,81,3879.5,3880,3879,3879.25,90,3879.44444444444,40,50,0.3957,2288960
20220718-042300.000,0,57,3879.5,3880,3879.25,3879.75,64,3879.5859375,27,37,0.3957,2288960
20220718-042400.000,0,22,3879.5,3879.5,3879.25,3879.25,22,3879.39772727273,8,14,0.3979,2288960
20220718-042500.000,0,100,3879,3879,3878.25,3878.5,120,3878.6875,85,35,0.3646,2288960
20220718-042600.000,0,119,3878.5,3878.75,3878,3878.25,139,3878.34352517986,58,81,0.3629,2288960
20220718-042700.000,0,55,3878.5,3879.25,3878.5,3879.25,59,3878.93644067797,10,49,0.3629,2288960
20220718-042800.000,0,25,3879,3879,3878.75,3879,25,3878.99,18,7,0.3629,2288960
20220718-042900.000,0,62,3879,3880,3879,3879.5,63,3879.56746031746,18,45,0.2533,2288960
20220718-043000.000,0,14,3879.75,3879.75,3879.5,3879.75,16,3879.640625,11,5,0.2524,2288960
20220718-043100.000,0,33,3879.75,3880,3879.5,3880,35,3879.75,24,11,0.2524,2288960
20220718-043200.000,0,18,3879.75,3879.75,3879.5,3879.75,18,3879.56944444444,14,4,0.2524,2288960
20220718-043300.000,0,7,3879.5,3879.5,3879.25,3879.25,8,3879.375,7,1,0.3113,2288960
20220718-043400.000,0,34,3879.5,3879.5,3879,3879,37,3879.29054054054,17,20,0.3632,2288960
20220718-043500.000,0,18,3879.5,3879.75,3879.5,3879.75,22,3879.60227272727,6,16,0.3632,2288960
20220718-043600.000,0,76,3879.75,3880.5,3879.5,3880,83,3879.86746987952,29,54,0.3942,2288960
20220718-043700.000,0,31,3880,3880.25,3880,3880,33,3880.09848484849,20,13,0.3942,2288960
20220718-043800.000,0,14,3879.75,3880.25,3879.75,3880,14,3880.05357142857,4,10,0.2525,2288960
20220718-043900.000,0,67,3880.25,3881,3880,3881,71,3880.54577464789,20,51,0.2522,2288960
20220718-044000.000,0,32,3880.75,3881,3880.5,3880.75,32,3880.625,14,18,0.3695,2288960
20220718-044100.000,0,14,3880.5,3880.5,3880,3880.5,15,3880.28333333333,12,3,0.3695,2288960
20220718-044200.000,0,7,3880.5,3880.5,3880.25,3880.25,8,3880.28125,5,3,0.363,2288960
20220718-044300.000,0,8,3880.25,3880.75,3880.25,3880.75,8,3880.5,1,7,0.3137,2288960
20220718-044400.000,0,14,3880.75,3880.75,3880.5,3880.75,16,3880.71875,7,9,0.2521,2288960
20220718-044500.000,0,82,3881,3881.5,3881,3881.25,95,3881.24210526316,43,52,0.2521,2288960
20220718-044600.000,0,34,3881.25,3881.5,3881.25,3881.5,35,3881.34285714286,10,25,0.2525,2288960
20220718-044700.000,0,50,3881.5,3881.5,3880.25,3880.5,52,3880.74038461539,42,10,0.2525,2288960
20220718-044800.000,0,18,3880.75,3880.75,3880.5,3880.5,18,3880.59722222222,8,10,0.3882,2288960
20220718-044900.000,0,14,3880.75,3881,3880.75,3880.75,14,3880.80357142857,,14,0.3724,2288960
20220718-045000.000,0,46,3880.75,3880.75,3880.25,3880.75,47,3880.57978723404,24,23,0.3411,2288960
20220718-045100.000,0,34,3881,3881.5,3881,3881.5,34,3881.30147058824,12,22,0.3789,2288960
20220718-045200.000,0,31,3881.25,3881.25,3880.75,3881,32,3880.9296875,17,15,0.2524,2288960
20220718-045300.000,0,46,3881.25,3881.75,3881,3881.75,59,3881.36016949153,23,36,0.2782,2288960
20220718-045400.000,0,30,3881.75,3881.75,3881.25,3881.5,30,3881.45,15,15,0.2524,2288960
20220718-045500.000,0,20,3881.25,3881.75,3881,3881.75,24,3881.33333333333,17,7,0.2523,2288960
20220718-045600.000,0,23,3881.75,3881.75,3881.25,3881.5,26,3881.57692307692,13,13,0.2523,2288960
20220718-045700.000,0,93,3881.5,3882.5,3881.5,3882.25,108,3882.21296296296,23,85,0.3203,2288960
20220718-045800.000,0,66,3882.5,3882.75,3882.25,3882.75,68,3882.59558823529,32,36,0.2521,2288960
20220718-045900.000,0,94,3882.75,3883,3882.5,3882.5,123,3882.86382113821,42,81,0.2521,2288960
20220718-050000.000,0,84,3882.5,3883,3882.5,3882.75,110,3882.87272727273,60,50,0.2521,2288960
20220718-050100.000,0,90,3882.5,3882.5,3881.25,3881.5,98,3881.84693877551,67,31,0.3631,2288960
20220718-050200.000,0,102,3881.5,3881.75,3880.25,3880.5,113,3880.88716814159,68,45,0.4005,2288960
20220718-050300.000,0,103,3880.5,3880.5,3879.75,3880.5,129,3880.22286821705,67,62,0.3989,2288960
20220718-050400.000,0,55,3880.25,3880.75,3880,3880.5,67,3880.30223880597,39,28,0.2523,2288960
20220718-050500.000,0,53,3880.5,3881.25,3880.5,3881,53,3880.83490566038,15,38,0.3769,2288960
20220718-050600.000,0,31,3881,3881,3880,3880.5,40,3880.50625,28,12,0.2524,2288960
20220718-050700.000,0,67,3880,3880.75,3880,3880.75,85,3880.31470588235,57,28,0.2535,2288960
20220718-050800.000,0,52,3881,3881,3879.75,3880,56,3880.30803571429,25,31,0.2526,2288960
20220718-050900.000,0,28,3880,3880.5,3879.75,3879.75,33,3880.19696969697,10,23,0.2526,2288960
20220718-051000.000,0,34,3880,3880.75,3879.75,3880.5,34,3880.28676470588,9,25,0.393,2288960
20220718-051100.000,0,22,3880.25,3880.25,3880,3880,22,3880.13636363636,14,8,0.2525,2288960
20220718-051200.000,0,53,3879.75,3880,3879.75,3879.75,63,3879.81746031746,42,21,0.3749,2288960
20220718-051300.000,0,23,3879.75,3880,3879.75,3880,25,3879.77,12,13,0.4,2288960
20220718-051400.000,0,55,3880,3880.5,3880,3880.25,80,3880.125,15,65,0.3667,2288960
20220718-051500.000,0,51,3880.5,3880.75,3880.25,3880.75,56,3880.65178571429,23,33,0.2526,2288960
20220718-051600.000,0,42,3881,3881.5,3881,3881,43,3881.18604651163,19,24,0.2532,2288960
20220718-051700.000,0,27,3880.75,3881.25,3880.5,3881.25,28,3881.03571428571,10,18,0.2527,2288960
20220718-051800.000,0,24,3881.25,3881.25,3880.5,3880.5,34,3880.72794117647,28,6,0.2526,2288960
20220718-051900.000,0,33,3880.5,3880.5,3879.75,3879.75,35,3880.22142857143,27,8,0.382,2288960
20220718-052000.000,0,63,3879.75,3880.25,3879.25,3880,72,3879.63888888889,27,45,0.382,2288960
20220718-052100.000,0,10,3880.25,3880.5,3880,3880.25,10,3880.225,6,4,0.2528,2288960
20220718-052200.000,0,20,3880,3880.25,3880,3880.25,20,3880.1625,9,11,0.2525,2288960
20220718-052300.000,0,29,3880.5,3881,3880.5,3880.5,33,3880.62121212121,20,13,0.2526,2288960
20220718-052400.000,0,63,3880.75,3881.5,3880,3881.25,70,3880.58571428571,44,26,0.2545,2288960
20220718-052500.000,0,39,3881.5,3881.5,3881.25,3881.5,40,3881.41875,20,20,0.2526,2288960
20220718-052600.000,0,43,3881.25,3881.5,3881,3881.5,46,3881.34239130435,17,29,0.2525,2288960
20220718-052700.000,0,51,3881.5,3882.25,3881.5,3881.5,54,3881.88425925926,26,28,0.2525,2288960
20220718-052800.000,0,20,3881.75,3882,3881.75,3881.75,20,3881.7625,10,10,0.2534,2288960
20220718-052900.000,0,43,3881.75,3882.5,3881.5,3882.5,48,3882.109375,16,32,0.3682,2288960
20220718-053000.000,0,47,3882.5,3882.5,3881.75,3882.5,48,3882.24479166667,20,28,0.3681,2288960
20220718-053100.000,0,82,3882.5,3883,3882.25,3883,99,3882.90656565657,32,67,0.3644,2288960
20220718-053200.000,0,64,3883,3883.25,3882.25,3882.5,92,3882.75,60,32,0.2532,2288960
20220718-053300.000,0,53,3882.25,3883.25,3882.25,3882.75,53,3882.68396226415,20,33,0.3762,2288960
20220718-053400.000,0,82,3882.75,3883.75,3882.75,3883.5,87,3883.25287356322,23,64,0.2656,2288960
20220718-053500.000,0,80,3883.75,3884,3883.25,3883.5,118,3883.72033898305,63,55,0.253,2288960
20220718-053600.000,0,63,3883.25,3883.5,3882.75,3883,67,3882.98134328358,28,39,0.3725,2288960
20220718-053700.000,0,110,3882.75,3883.5,3882.75,3883.25,142,3883.07218309859,28,114,0.3815,2288960
20220718-053800.000,0,25,3883.25,3883.5,3882.75,3883,29,3883.1724137931,18,11,0.3625,2288960
20220718-053900.000,0,688,3883,3886.5,3882.75,3885,918,3884.95969498911,318,600,0.3858,2288960
20220718-054000.000,0,103,3884.75,3885.5,3884.5,3884.75,149,3885.06040268456,97,52,0.39,2288960
20220718-054100.000,0,53,3884.75,3885,3884.5,3885,60,3884.71666666667,37,23,0.2519,2288960
20220718-054200.000,0,44,3885,3885,3884.25,3884.5,49,3884.46428571429,26,23,0.2516,2288960
20220718-054300.000,0,24,3884.5,3885,3884.5,3884.75,24,3884.63541666667,8,16,0.3903,2288960
20220718-054400.000,0,80,3884.75,3886,3884.75,3885.75,136,3885.52941176471,22,114,0.3779,2288960
20220718-054500.000,0,111,3885.75,3886.25,3885.5,3885.75,146,3885.87157534247,93,53,0.2513,2288960
20220718-054600.000,0,195,3885.5,3887.25,3885.5,3886.5,218,3886.71330275229,55,163,0.2516,2288960
20220718-054700.000,0,113,3886.5,3887.25,3886,3886,133,3886.52819548872,66,67,0.2516,2288960
20220718-054800.000,0,70,3886.25,3887.25,3886.25,3886.75,73,3886.8595890411,25,48,0.2513,2288960
20220718-054900.000,0,60,3886.5,3887.25,3886.25,3887,65,3886.7,21,44,0.3746,2288960
20220718-055000.000,0,46,3887,3887.25,3886.5,3886.75,52,3886.98557692308,16,36,0.3876,2288960
20220718-055100.000,0,52,3886.75,3887,3886.5,3886.75,61,3886.64754098361,26,35,0.3721,2288960
20220718-055200.000,0,74,3886.75,3886.75,3886.5,3886.5,79,3886.65506329114,34,45,0.3779,2288960
20220718-055300.000,0,69,3886.5,3886.75,3886.25,3886.25,85,3886.48235294118,47,38,0.3971,2288960
20220718-055400.000,0,77,3886,3886,3885.5,3885.5,83,3885.85843373494,52,31,0.4023,2288960
20220718-055500.000,0,90,3885.5,3886.25,3885.5,3885.5,139,3885.85791366906,56,83,0.3809,2288960
20220718-055600.000,0,67,3885.5,3886,3885.25,3886,71,3885.60915492958,19,52,0.2525,2288960
20220718-055700.000,0,78,3886,3886.25,3885.25,3885.75,85,3885.70882352941,42,43,0.3897,2288960
20220718-055800.000,0,85,3885.75,3886,3885.25,3886,100,3885.695,68,32,0.3894,2288960
20220718-055900.000,0,152,3885.75,3886.75,3885.75,3886.5,189,3886.29894179894,52,137,0.3893,2288960
20220718-060000.000,0,444,3886.5,3889.5,3886.25,3889.25,625,3887.8428,216,409,0.2517,2288960
20220718-060100.000,0,240,3889.5,3889.5,3888.25,3889,291,3889.0206185567,143,148,0.2516,2288960
20220718-060200.000,0,290,3889,3889,3886,3886,330,3887.53106060606,207,123,0.2752,2288960
20220718-060300.000,0,299,3886.25,3886.25,3885,3885.5,362,3885.58356353591,195,167,0.4064,2288960
20220718-060400.000,0,257,3885.5,3886.25,3884.25,3884.5,280,3885.19642857143,156,124,0.3956,2288960
20220718-060500.000,0,123,3884.5,3884.5,3884,3884.5,133,3884.28195488722,81,52,0.3858,2288960
20220718-060600.000,0,136,3884.5,3885.75,3884.5,3885.75,181,3885.22237569061,61,120,0.2522,2288960
20220718-060700.000,0,112,3886,3886.25,3885,3885.25,113,3885.60840707965,54,59,0.3812,2288960
20220718-060800.000,0,95,3885.25,3885.25,3884,3884.25,97,3884.33505154639,62,35,0.3888,2288960
20220718-060900.000,0,118,3884.5,3885,3884,3884.25,128,3884.513671875,59,69,0.3852,2288960
20220718-061000.000,0,102,3884.5,3884.5,3883.5,3884,113,3883.83185840708,80,33,0.3984,2288960
20220718-061100.000,0,190,3883.75,3884.25,3883.25,3883.5,217,3883.87096774194,113,104,0.3594,2288960
20220718-061200.000,0,286,3883.75,3884,3883,3883.25,351,3883.37037037037,166,185,0.382,2288960
20220718-061300.000,0,74,3883.25,3883.75,3883,3883.25,78,3883.4391025641,40,38,0.2527,2288960
20220718-061400.000,0,50,3883.25,3883.5,3883.25,3883.25,57,3883.29385964912,23,34,0.2527,2288960
20220718-061500.000,0,174,3883,3883.25,3882.25,3883,209,3882.77033492823,124,85,0.3999,2288960
20220718-061600.000,0,196,3883,3884.25,3883,3883.75,281,3883.69039145908,96,185,0.2528,2288960
20220718-061700.000,0,187,3883.75,3884.5,3883.5,3884.5,220,3884.04204545455,106,114,0.2526,2288960
20220718-061800.000,0,104,3884.5,3885,3884.5,3884.75,116,3884.69181034483,44,72,0.2523,2288960
20220718-061900.000,0,105,3884.5,3884.5,3883.25,3884,112,3883.64285714286,74,38,0.2523,2288960
20220718-062000.000,0,107,3884.25,3884.25,3883,3883.5,114,3883.63596491228,64,50,0.3819,2288960
20220718-062100.000,0,83,3883.75,3884,3883,3883.25,89,3883.4606741573,39,50,0.3819,2288960
20220718-062200.000,0,94,3883,3884,3883,3883.75,117,3883.33974358974,59,58,0.253,2288960
20220718-062300.000,0,23,3883.75,3884.25,3883.75,3884.25,27,3883.98148148148,13,14,0.253,2288960
20220718-062400.000,0,66,3884.25,3885,3884,3884.5,68,3884.61029411765,17,51,0.2524,2288960
20220718-062500.000,0,88,3884.5,3884.5,3883.75,3884,102,3884.18137254902,52,50,0.2526,2288960
20220718-062600.000,0,100,3884.25,3884.5,3883.75,3884,117,3884.17521367521,68,49,0.2526,2288960
20220718-062700.000,0,120,3883.75,3883.75,3883,3883,153,3883.46568627451,108,45,0.2526,2288960
20220718-062800.000,0,118,3883,3883.75,3882.5,3883.75,121,3883.18181818182,31,90,0.3835,2288960
20220718-062900.000,0,109,3883.75,3884.5,3883.75,3884.5,111,3884.01576576577,60,51,0.2526,2288960
20220718-063000.000,0,119,3884.5,3884.5,3883,3883.25,137,3883.98175182482,77,60,0.2525,2288960
20220718-063100.000,0,134,3883.25,3884,3882.75,3883.75,159,3883.3679245283,88,71,0.3825,2288960
20220718-063200.000,0,111,3883.75,3884.5,3883.25,3883.25,120,3883.78958333333,66,54,0.2525,2288960
20220718-063300.000,0,323,3883.5,3886,3883.5,3885,429,3884.912004662,168,261,0.2523,2288960
20220718-063400.000,0,165,3884.75,3884.75,3883.5,3884.25,180,3884.0375,111,69,0.2525,2288960
20220718-063500.000,0,81,3884.75,3885,3884.5,3885,93,3884.77150537634,47,46,0.2527,2288960
20220718-063600.000,0,118,3885.25,3886,3885.25,3885.5,153,3885.54575163399,66,87,0.2527,2288960
20220718-063700.000,0,108,3885.5,3886.25,3885.5,3885.5,187,3885.86898395722,57,130,0.3627,2288960
20220718-063800.000,0,143,3885.5,3885.5,3884.25,3884.25,167,3884.82185628743,92,75,0.2525,2288960
20220718-063900.000,0,95,3884.25,3885.5,3884.25,3884.75,128,3884.7890625,69,59,0.4016,2288960
20220718-064000.000,0,118,3884.5,3884.75,3884.25,3884.5,124,3884.51814516129,50,74,0.3928,2288960
20220718-064100.000,0,97,3884.75,3885.75,3884.5,3885.5,111,3885.36036036036,49,62,0.3929,2288960
20220718-064200.000,0,100,3885.5,3886.25,3885.5,3886.25,112,3885.84598214286,45,67,0.2526,2288960
20220718-064300.000,0,233,3886,3887,3885.75,3886.5,322,3886.48059006211,130,192,0.2524,2288960
20220718-064400.000,0,219,3886.5,3887.5,3886.5,3887.25,259,3887.03378378378,112,147,0.3269,2288960
20220718-064500.000,0,368,3887.25,3889,3887,3889,532,3888.09539473684,150,382,0.2522,2288960
20220718-064600.000,0,192,3889,3889.5,3888,3888.25,219,3888.8698630137,109,110,0.2519,2288960
20220718-064700.000,0,225,3888,3888.5,3887.5,3888,244,3888.00307377049,134,110,0.3968,2288960
20220718-064800.000,0,109,3888.25,3888.5,3887.75,3888.25,142,3888.20070422535,90,52,0.3611,2288960
20220718-064900.000,0,154,3888.25,3888.5,3887.75,3888,158,3888.13132911392,88,70,0.3611,2288960
20220718-065000.000,0,105,3887.75,3888,3887,3887.5,110,3887.44772727273,51,59,0.252,2288960
20220718-065100.000,0,137,3887.75,3888,3887.25,3888,167,3887.6751497006,92,75,0.2526,2288960
20220718-065200.000,0,58,3888,3888.5,3887.75,3888.5,64,3888.2578125,27,37,0.2526,2288960
20220718-065300.000,0,129,3888.25,3889.25,3888,3889,188,3888.90425531915,66,122,0.2519,2288960
20220718-065400.000,0,126,3889,3889.5,3888.5,3888.75,135,3889.01481481481,58,77,0.2519,2288960
20220718-065500.000,0,140,3888.75,3889.5,3888,3889.5,153,3888.72712418301,52,101,0.3861,2288960
20220718-065600.000,0,494,3889.5,3890,3888,3889.5,994,3889.49144869215,439,555,0.3875,2288960
20220718-065700.000,0,86,3889.5,3889.75,3889.25,3889.5,224,3889.30580357143,165,59,0.2516,2288960
20220718-065800.000,0,119,3889.5,3890,3889.25,3889.5,145,3889.65172413793,71,74,0.3801,2288960
20220718-065900.000,0,578,3889.5,3890.75,3887.5,3890.5,854,3889.3337236534,441,413,0.2519,2288960
20220718-070000.000,0,988,3890.25,3890.5,3886.5,3889.25,1310,3888.25687022901,776,534,0.253,2288960
20220718-070100.000,0,604,3889.5,3890.25,3888.25,3890,823,3889.05376670717,516,307,0.2516,2288960
20220718-070200.000,0,229,3890,3890,3887.75,3888,268,3888.57742537313,148,120,0.2516,2288960
20220718-070300.000,0,330,3888,3888,3886.75,3888,386,3887.34067357513,187,199,0.2515,2288960
20220718-070400.000,0,289,3887.75,3888,3885.5,3885.5,324,3887.01311728395,204,120,0.2516,2288960
20220718-070500.000,0,197,3885.5,3887,3885.5,3886,214,3886.20327102804,104,110,0.2518,2288960
20220718-070600.000,0,322,3885.75,3887.25,3885,3886,356,3886.04073033708,219,137,0.2519,2288960
20220718-070700.000,0,225,3886,3888.5,3886,3888.5,253,3887.37252964427,95,158,0.3852,2288960
20220718-070800.000,0,388,3888,3890.5,3887.75,3889.75,462,3889.26948051948,214,248,0.2518,2288960
20220718-070900.000,0,298,3890,3890.25,3888.5,3888.75,344,3889.34738372093,168,176,0.251,2288960
20220718-071000.000,0,405,3888.75,3891,3888.5,3890,613,3889.70676998369,244,369,0.251,2288960
20220718-071100.000,0,322,3890.25,3890.5,3888,3888.25,389,3889.40231362468,244,145,0.251,2288960
20220718-071200.000,0,438,3888,3890.5,3888,3889.75,493,3889.37728194726,209,284,0.4114,2288960
20220718-071300.000,0,359,3889.75,3891.25,3889.75,3890.5,534,3890.69897003745,176,358,0.2507,2288960
20220718-071400.000,0,223,3890.5,3891,3889.5,3890.5,254,3890.25984251969,135,119,0.2503,2288960
20220718-071500.000,0,423,3890.5,3892.25,3890.5,3892,583,3891.53344768439,176,407,0.3078,2288960
20220718-071600.000,0,454,3891.75,3894,3891.75,3893.5,543,3893.25184162063,211,332,0.2501,2288960
20220718-071700.000,0,533,3893.5,3894.5,3892,3894,773,3893.75905562743,258,515,0.39,2288960
20220718-071800.000,0,406,3894,3894.5,3893.25,3893.5,568,3894.05413732394,330,238,0.2499,2288960
20220718-071900.000,0,256,3893.75,3894.25,3893,3893.25,357,3893.5581232493,239,118,0.3898,2288960
20220718-072000.000,0,279,3893.25,3893.5,3892,3893,341,3892.67741935484,212,129,0.2502,2288960
20220718-072100.000,0,241,3893,3894.25,3893,3893.75,274,3893.94890510949,141,133,0.2497,2288960
20220718-072200.000,0,411,3893.75,3896,3893.75,3896,571,3895.13616462347,129,442,0.2497,2288960
20220718-072300.000,0,356,3895.75,3896,3894.25,3894.5,453,3895.2091611479,278,175,0.2498,2288960
20220718-072400.000,0,264,3894.25,3895.25,3893.75,3894.75,320,3894.49921875,148,172,0.2497,2288960
20220718-072500.000,0,295,3894.75,3894.75,3893.25,3893.25,379,3894.17150395778,263,116,0.2498,2288960
20220718-072600.000,0,270,3893.25,3893.5,3892.25,3892.75,332,3892.80647590361,208,124,0.2508,2288960
20220718-072700.000,0,164,3892.75,3893.75,3892.5,3893.25,172,3893.20058139535,86,86,0.2499,2288960
20220718-072800.000,0,169,3893.25,3894.5,3893,3893.5,201,3893.58084577114,105,96,0.2497,2288960
20220718-072900.000,0,163,3893.5,3895,3893,3894.75,203,3893.96674876847,96,107,0.2498,2288960
20220718-073000.000,0,196,3894.75,3895.5,3894.5,3895.25,220,3895.12954545455,102,118,0.2496,2288960
20220718-073100.000,0,470,3895,3897.25,3894.25,3896.25,771,3896.17120622568,266,505,0.2498,2288960
20220718-073200.000,0,530,3896.25,3898,3896.25,3897.25,653,3897.40543644717,268,385,0.3177,2288960
20220718-073300.000,0,222,3897,3898.25,3896.5,3898.25,251,3897.30378486056,103,148,0.2494,2288960
20220718-073400.000,0,447,3898,3899.5,3897.5,3898.75,606,3898.81105610561,266,340,0.2495,2288960
20220718-073500.000,0,244,3898.75,3899.75,3898.75,3899.5,280,3899.10714285714,141,139,0.2493,2288960
20220718-073600.000,0,289,3899.5,3900,3898.75,3899.5,350,3899.47071428571,190,160,0.2493,2288960
20220718-073700.000,0,352,3899.5,3900,3899.25,3899.75,512,3899.74267578125,178,334,0.2491,2288960
20220718-073800.000,0,382,3899.75,3900.5,3898.5,3899.25,636,3899.67649371069,320,316,0.2492,2288960
20220718-073900.000,0,258,3899.25,3899.75,3898.25,3899,293,3898.98805460751,158,135,0.2492,2288960
20220718-074000.000,0,213,3898.75,3899.5,3898,3899.25,254,3898.73326771654,146,108,0.2491,2288960
20220718-074100.000,0,153,3899,3899.75,3898.5,3899.25,172,3899.21656976744,85,87,0.2492,2288960
20220718-074200.000,0,294,3899.25,3901.75,3899.25,3901.25,357,3900.71638655462,122,235,0.2492,2288960
20220718-074300.000,0,230,3901.25,3901.25,3900.25,3901,262,3900.64312977099,145,117,0.2489,2288960
20220718-074400.000,0,166,3900.75,3900.75,3899.5,3899.5,183,3900.10245901639,103,80,0.3825,2288960
20220718-074500.000,0,313,3899.5,3900,3897.75,3898.25,386,3898.5621761658,221,165,0.3838,2288960
20220718-074600.000,0,320,3898.25,3899.5,3898.25,3899.5,376,3898.92154255319,178,198,0.4207,2288960
20220718-074700.000,0,322,3899.5,3900.25,3899,3900,390,3899.48012820513,218,172,0.2493,2288960
20220718-074800.000,0,108,3900,3900.25,3899.75,3900,126,3899.98412698413,71,55,0.3439,2288960
20220718-074900.000,0,272,3900,3900,3898.25,3898.25,342,3899.31652046784,191,151,0.2491,2288960
20220718-075000.000,0,129,3898.25,3899,3898.25,3898.75,136,3898.60661764706,57,79,0.4002,2288960
20220718-075100.000,0,234,3898.75,3899.25,3898,3898.75,266,3898.68703007519,116,150,0.3941,2288960
20220718-075200.000,0,157,3898.5,3898.75,3898,3898.5,174,3898.34051724138,82,92,0.249,2288960
20220718-075300.000,0,335,3898.5,3899,3896.75,3897.25,478,3897.39121338912,370,108,0.3963,2288960
20220718-075400.000,0,279,3897.25,3897.5,3896.25,3896.5,349,3896.87893982808,220,129,0.2493,2288960
20220718-075500.000,0,91,3896.75,3897,3896.5,3897,98,3896.92857142857,37,61,0.2498,2288960
20220718-075600.000,0,170,3897,3897.25,3896.5,3896.5,207,3896.84178743961,83,124,0.3938,2288960
20220718-075700.000,0,610,3896.5,3897.5,3896.25,3896.5,842,3896.73040380048,314,528,0.3926,2288960
20220718-075800.000,0,131,3896.5,3896.75,3896.25,3896.5,154,3896.61201298701,65,89,0.3827,2288960
20220718-075900.000,0,213,3896.75,3897.5,3896.75,3897.25,235,3897.02340425532,93,142,0.369,2288960
20220718-080000.000,0,433,3897.25,3897.75,3896,3896.75,662,3897.14614803625,263,399,0.3406,2288960
20220718-080100.000,0,409,3896.75,3897,3895.5,3896,511,3896.08365949119,304,207,0.2513,2288960
20220718-080200.000,0,261,3895.75,3897.25,3895.25,3896.25,299,3896.33026755853,145,154,0.4129,2288960
20220718-080300.000,0,395,3896.25,3898.75,3895.75,3897.25,479,3897.15187891441,238,241,0.3662,2288960
20220718-080400.000,0,284,3897.25,3898,3896.75,3897.5,327,3897.48318042813,222,105,0.2509,2288960
20220718-080500.000,0,349,3897.75,3898.25,3897,3897.25,422,3897.61552132701,241,181,0.2963,2288960
20220718-080600.000,0,282,3897.5,3897.75,3896.5,3896.75,357,3896.89635854342,200,157,0.3716,2288960
20220718-080700.000,0,331,3897,3897.5,3896.25,3897.5,382,3896.89005235602,180,202,0.409,2288960
20220718-080800.000,0,271,3897.75,3898.5,3897.5,3898,449,3898.00278396437,203,246,0.3687,2288960
20220718-080900.000,0,493,3898,3900,3898,3898,595,3898.84243697479,299,296,0.2498,2288960
20220718-081000.000,0,392,3898,3898.25,3896.5,3897.25,527,3897.54791271347,281,246,0.2498,2288960
20220718-081100.000,0,344,3897.25,3898,3897,3897.5,504,3897.35267857143,195,309,0.3805,2288960
20220718-081200.000,0,244,3897.25,3898.25,3896.75,3898,348,3897.31465517241,172,176,0.2514,2288960
20220718-081300.000,0,207,3897.75,3899,3897.5,3898.75,252,3898.18849206349,97,155,0.2502,2288960
20220718-081400.000,0,160,3899,3899,3898,3898.5,190,3898.35394736842,103,87,0.2514,2288960
20220718-081500.000,0,199,3898.5,3899,3898.25,3898.75,311,3898.7347266881,177,134,0.4063,2288960
20220718-081600.000,0,163,3898.5,3898.75,3897.75,3898.25,241,3898.40145228216,147,94,0.2512,2288960
20220718-081700.000,0,130,3898.25,3898.25,3897.5,3897.5,156,3897.85576923077,91,65,0.2512,2288960
20220718-081800.000,0,309,3897.75,3899,3897.75,3898,358,3898.26815642458,169,189,0.3935,2288960
20220718-081900.000,0,226,3898,3898.5,3897.75,3897.75,261,3898.10632183908,148,113,0.3935,2288960
20220718-082000.000,0,221,3897.75,3898.75,3897.5,3898.75,258,3898.20930232558,102,156,0.2498,2288960
20220718-082100.000,0,121,3898.75,3898.75,3898.25,3898.5,143,3898.46153846154,65,78,0.2502,2288960
20220718-082200.000,0,76,3898.75,3899,3898.25,3898.75,81,3898.54012345679,48,33,0.2499,2288960
20220718-082300.000,0,180,3898.75,3900,3898.75,3900,211,3899.50829383886,80,131,0.2501,2288960
20220718-082400.000,0,306,3899.75,3901.5,3899,3901.5,386,3900.54339378238,116,270,0.2499,2288960
20220718-082500.000,0,433,3901.5,3902.5,3901.5,3902.25,577,3902.0259965338,289,288,0.2509,2288960
20220718-082600.000,0,512,3902.5,3904.5,3902.25,3904.25,733,3903.3997271487,200,533,0.2493,2288960
20220718-082700.000,0,581,3904.25,3906,3904.25,3905.75,798,3905.17637844612,346,452,0.2503,2288960
20220718-082800.000,0,527,3905.5,3906.75,3905.5,3906.5,753,3906.27589641434,396,357,0.2488,2288960
20220718-082900.000,0,606,3906.5,3907.75,3905.5,3906.5,877,3906.59464082098,512,365,0.2488,2288960
20220718-083000.000,0,351,3906.25,3907.5,3906.25,3907,497,3907.02565392354,241,256,0.2487,2288960
20220718-083100.000,0,114,3907,3907,3906.5,3906.5,150,3906.69833333333,76,74,0.3615,2288960
20220718-083200.000,0,410,3906.5,3908.5,3906.25,3907.75,487,3907.66375770021,161,326,0.4077,2288960
20220718-083300.000,0,456,3908,3908.25,3905.75,3905.75,624,3906.61418269231,411,213,0.2522,2288960
20220718-083400.000,0,351,3906,3907.25,3905,3906.75,408,3905.79227941177,222,186,0.3519,2288960
20220718-083500.000,0,254,3907,3907,3906,3906,320,3906.5421875,193,127,0.2497,2288960
20220718-083600.000,0,181,3905.75,3905.75,3904.75,3905,211,3905.19431279621,138,73,0.2493,2288960
20220718-083700.000,0,174,3904.75,3905,3904,3904.75,191,3904.51308900524,111,80,0.4238,2288960
20220718-083800.000,0,115,3904.75,3905,3904.5,3905,130,3904.84230769231,62,68,0.3435,2288960
20220718-083900.000,0,105,3905.25,3906.25,3905,3906,115,3905.54347826087,42,73,0.3654,2288960
20220718-084000.000,0,235,3906,3907.75,3905.75,3907.25,276,3906.89221014493,115,161,0.3448,2288960
20220718-084100.000,0,103,3907,3907.25,3906.5,3906.75,137,3906.86496350365,60,77,0.3826,2288960
20220718-084200.000,0,183,3906.75,3907.75,3906.5,3906.75,202,3907.09653465347,103,99,0.3826,2288960
20220718-084300.000,0,157,3906.75,3906.75,3905.5,3905.75,184,3906.18885869565,118,66,0.4003,2288960
20220718-084400.000,0,148,3906,3906.5,3905,3905.25,165,3905.89242424242,90,75,0.4299,2288960
20220718-084500.000,0,116,3905.25,3906,3905.25,3905.5,148,3905.54560810811,66,82,0.2496,2288960
20220718-084600.000,0,114,3905.5,3905.75,3905,3905.25,148,3905.2652027027,80,68,0.3892,2288960
20220718-084700.000,0,197,3905,3905.25,3904.5,3905.25,232,3904.90625,111,121,0.4107,2288960
20220718-084800.000,0,113,3905.25,3906,3905.25,3905.75,127,3905.59645669291,50,77,0.309,2288960
20220718-084900.000,0,121,3905.5,3906.25,3905.25,3906,133,3905.9022556391,51,82,0.3826,2288960
20220718-085000.000,0,114,3905.75,3906.25,3905.5,3905.75,131,3905.79198473282,46,85,0.2497,2288960
20220718-085100.000,0,313,3906,3906.75,3905.75,3905.75,465,3906.33655913979,196,269,0.2497,2288960
20220718-085200.000,0,327,3905.75,3907,3905.25,3906.75,395,3905.95949367089,124,271,0.2497,2288960
20220718-085300.000,0,335,3906.75,3907.25,3905.75,3906.25,403,3906.47890818859,220,183,0.2497,2288960
20220718-085400.000,0,456,3906.25,3907.75,3906.25,3907,531,3907.16290018832,187,344,0.3912,2288960
20220718-085500.000,0,349,3907.25,3908.25,3907,3908,393,3907.80788804071,128,265,0.3434,2288960
20220718-085600.000,0,175,3908,3908.25,3907.25,3907.75,203,3907.8275862069,84,119,0.2495,2288960
20220718-085700.000,0,344,3908,3909.5,3908,3908.75,425,3908.85529411765,173,252,0.2494,2288960
20220718-085800.000,0,237,3909,3909,3907.25,3907.75,381,3907.87204724409,273,108,0.3985,2288960
20220718-085900.000,0,220,3908,3908.75,3907.25,3908.75,301,3907.86877076412,111,190,0.3554,2288960
20220718-090000.000,0,170,3908.25,3909,3908,3908,210,3908.61904761905,107,103,0.3554,2288960
20220718-090100.000,0,317,3908,3909,3907.5,3907.5,445,3908.44550561798,303,142,0.2491,2288960
20220718-090200.000,0,115,3907.5,3908.75,3907.5,3908.25,127,3908.20472440945,51,76,0.2492,2288960
20220718-090300.000,0,106,3908.25,3908.75,3908,3908,114,3908.34210526316,59,55,0.2492,2288960
20220718-090400.000,0,125,3908,3908.25,3907,3907.25,130,3907.35769230769,61,69,0.2491,2288960
20220718-090500.000,0,101,3907.25,3907.75,3906.75,3907,105,3907.15952380952,51,54,0.4303,2288960
20220718-090600.000,0,328,3907,3907.25,3904,3904,439,3905.27676537585,294,145,0.4116,2288960
20220718-090700.000,0,152,3904,3904.75,3904,3904.25,173,3904.25578034682,71,102,0.2497,2288960
20220718-090800.000,0,85,3904.25,3904.25,3903.75,3904,99,3903.9898989899,42,57,0.2497,2288960
20220718-090900.000,0,318,3904.25,3905,3904,3904.5,363,3904.43181818182,188,175,0.4073,2288960
20220718-091000.000,0,165,3904.5,3905,3904.5,3904.75,193,3904.72409326425,81,112,0.2928,2288960
20220718-091100.000,0,114,3904.75,3905.75,3904.75,3905.5,122,3905.51024590164,36,86,0.2497,2288960
20220718-091200.000,0,114,3905.5,3906,3905.25,3905.75,165,3905.63333333333,89,76,0.2492,2288960
20220718-091300.000,0,245,3905.75,3906,3905.5,3905.75,385,3905.87922077922,100,285,0.2494,2288960
20220718-091400.000,0,113,3905.5,3906,3905.5,3905.75,133,3905.68609022556,61,72,0.327,2288960
20220718-091500.000,0,153,3905.75,3906,3904.75,3905,177,3905.39548022599,115,62,0.2495,2288960
20220718-091600.000,0,134,3905,3905.25,3904.75,3905.25,187,3905.02807486631,69,118,0.3787,2288960
20220718-091700.000,0,100,3905.25,3905.25,3904.5,3904.5,120,3904.85416666667,74,46,0.3615,2288960
20220718-091800.000,0,143,3904.25,3905.5,3904.25,3905.5,158,3905.1170886076,51,107,0.3985,2288960
20220718-091900.000,0,263,3905.75,3906.75,3905,3906.25,313,3906.08706070288,136,177,0.2497,2288960
20220718-092000.000,0,126,3906.25,3907,3906.25,3906.75,141,3906.68617021277,62,79,0.2509,2288960
20220718-092100.000,0,165,3907,3908,3906.75,3908,210,3907.45476190476,41,169,0.2495,2288960
20220718-092200.000,0,146,3907.75,3907.75,3906.5,3907.75,172,3907.21220930233,99,73,0.2494,2288960
20220718-092300.000,0,80,3907.5,3907.75,3907.25,3907.75,84,3907.47023809524,40,44,0.2491,2288960
20220718-092400.000,0,188,3907.75,3908.25,3907.5,3908,247,3908.00910931174,80,167,0.32,2288960
20220718-092500.000,0,141,3908,3908,3906.5,3906.5,175,3907.14285714286,92,83,0.3829,2288960
20220718-092600.000,0,173,3906.75,3906.75,3905.5,3905.75,218,3905.91399082569,85,133,0.2489,2288960
20220718-092700.000,0,190,3906,3906,3905,3905.5,211,3905.50829383886,124,87,0.4039,2288960
20220718-092800.000,0,347,3905.25,3905.5,3903.75,3904,444,3904.46790540541,269,175,0.3737,2288960
20220718-092900.000,0,112,3904.25,3904.25,3903.5,3903.75,131,3903.8034351145,76,55,0.3944,2288960
20220718-093000.000,0,359,3903.75,3905,3903.5,3904,421,3904.37589073634,159,262,0.2495,2288960
20220718-093100.000,0,285,3903.75,3904.5,3902.25,3902.5,362,3903.13328729282,271,91,0.4,2288960
20220718-093200.000,0,237,3902.25,3903,3902.25,3902.75,313,3902.6589456869,125,188,0.376,2288960
20220718-093300.000,0,147,3902.75,3903,3902.25,3902.75,167,3902.58682634731,80,87,0.3962,2288960
20220718-093400.000,0,99,3902.75,3903.5,3902.5,3903,114,3902.98903508772,40,74,0.3819,2288960
20220718-093500.000,0,115,3903,3903.25,3902.75,3902.75,131,3902.95992366412,53,78,0.3695,2288960
20220718-093600.000,0,116,3903,3903.25,3902.75,3903,129,3903.01937984496,53,76,0.2497,2288960
20220718-093700.000,0,102,3903,3903.75,3903,3903.5,144,3903.56423611111,77,67,0.2496,2288960
20220718-093800.000,0,132,3903.5,3904.25,3903.25,3903.25,184,3903.72282608696,85,99,0.2496,2288960
20220718-093900.000,0,195,3903,3903.75,3902,3903.5,243,3902.79938271605,133,110,0.2495,2288960
20220718-094000.000,0,129,3903.5,3904.25,3903.25,3904,157,3903.81210191083,61,96,0.2498,2288960
20220718-094100.000,0,201,3904,3904.25,3903.25,3903.25,217,3903.89285714286,98,119,0.2496,2288960
20220718-094200.000,0,302,3903.25,3903.25,3901.75,3902.5,497,3902.30382293763,182,315,0.3151,2288960
20220718-094300.000,0,101,3902.75,3904,3902.5,3903.75,115,3903.13913043478,31,84,0.3151,2288960
20220718-094400.000,0,99,3903.75,3904,3902.75,3903.25,110,3903.35909090909,64,46,0.2499,2288960
20220718-094500.000,0,131,3903,3903,3902,3902.5,159,3902.34905660377,78,81,0.2499,2288960
20220718-094600.000,0,144,3902.5,3903.25,3902.5,3902.5,193,3902.8121761658,67,126,0.399,2288960
20220718-094700.000,0,121,3902.5,3902.75,3901.75,3902,153,3902.08823529412,78,75,0.25,2288960
20220718-094800.000,0,71,3902.25,3902.75,3902.25,3902.5,91,3902.46703296703,35,56,0.3996,2288960
20220718-094900.000,0,346,3902.25,3902.25,3900.5,3901,456,3901.33442982456,283,173,0.2509,2288960
20220718-095000.000,0,125,3901,3901,3900.5,3901,158,3900.77215189873,80,78,0.2503,2288960
20220718-095100.000,0,133,3900.75,3901.25,3900.75,3900.75,165,3900.98333333333,119,46,0.3765,2288960
20220718-095200.000,0,215,3900.5,3900.75,3900,3900.25,358,3900.41620111732,151,207,0.3656,2288960
20220718-095300.000,0,109,3900.5,3901,3900.5,3900.75,139,3900.64028776978,67,72,0.3973,2288960
20220718-095400.000,0,146,3900.75,3901,3900.25,3900.25,183,3900.5150273224,94,89,0.2507,2288960
20220718-095500.000,0,177,3900.5,3901.75,3900.5,3901,246,3901.07215447155,111,135,0.3985,2288960
20220718-095600.000,0,94,3901,3901.25,3901,3901.25,116,3901.18103448276,47,69,0.2504,2288960
20220718-095700.000,0,112,3901.25,3901.75,3901.25,3901.25,188,3901.5039893617,114,74,0.3319,2288960
20220718-095800.000,0,115,3901.25,3902,3901.25,3901.5,149,3901.68456375839,62,87,0.2506,2288960
20220718-095900.000,0,57,3901.75,3902.25,3901.75,3902.25,59,3902.02966101695,29,30,0.2503,2288960
20220718-100000.000,0,454,3902,3902.25,3900.5,3900.75,737,3901.53934871099,347,390,0.2503,2288960
20220718-100100.000,0,135,3901,3902,3900.75,3901.5,201,3901.45149253731,80,121,0.3806,2288960
20220718-100200.000,0,63,3901.75,3902,3901.25,3901.75,84,3901.58333333333,38,46,0.2503,2288960
20220718-100300.000,0,246,3901.75,3902.5,3901,3901,323,3901.49303405573,203,120,0.2505,2288960
20220718-100400.000,0,316,3901.25,3902,3900,3900.5,447,3901.01677852349,231,216,0.3504,2288960
20220718-100500.000,0,171,3900.5,3901.75,3900.5,3901.5,235,3901.02659574468,70,165,0.2502,2288960
20220718-100600.000,0,164,3901.5,3902.25,3901.25,3902.25,210,3901.59880952381,61,149,0.2504,2288960
20220718-100700.000,0,155,3902.25,3902.5,3901.25,3901.75,188,3901.93218085106,104,84,0.3628,2288960
20220718-100800.000,0,107,3902,3902.5,3901.75,3902,127,3902.10039370079,83,44,0.2503,2288960
20220718-100900.000,0,160,3901.75,3902.75,3901.75,3902.25,176,3902.11079545455,67,109,0.2504,2288960
20220718-101000.000,0,108,3902.5,3902.75,3902.25,3902.75,125,3902.466,59,66,0.3724,2288960
20220718-101100.000,0,180,3903,3903.75,3902.75,3903,206,3903.26334951456,71,135,0.2502,2288960
20220718-101200.000,0,123,3903.25,3904,3903,3903.75,138,3903.65942028986,56,82,0.25,2288960
20220718-101300.000,0,96,3903.75,3904,3903.5,3903.5,115,3903.74782608696,70,45,0.25,2288960
20220718-101400.000,0,334,3903.5,3905.25,3903.5,3905.25,473,3904.48678646934,150,323,0.2501,2288960
20220718-101500.000,0,257,3905.25,3905.5,3903.5,3903.75,311,3904.62138263666,172,139,0.3623,2288960
20220718-101600.000,0,165,3903.75,3904,3902.5,3903.5,185,3903.32432432432,115,70,0.394,2288960
20220718-101700.000,0,91,3903.75,3903.75,3902.75,3902.75,98,3903.44897959184,63,35,0.3658,2288960
20220718-101800.000,0,74,3903.25,3904,3903,3903.75,132,3903.34848484849,33,99,0.2497,2288960
20220718-101900.000,0,84,3903.75,3904.25,3903.5,3904,92,3903.85597826087,35,57,0.2501,2288960
20220718-102000.000,0,137,3904,3904.5,3903.75,3904.5,147,3904.25170068027,48,99,0.2498,2288960
20220718-102100.000,0,123,3904.5,3905,3904.25,3904.5,142,3904.53345070423,57,85,0.3621,2288960
20220718-102200.000,0,162,3904.5,3905,3904.25,3905,215,3904.63139534884,74,141,0.2495,2288960
20220718-102300.000,0,113,3904.75,3904.75,3904,3904.25,132,3904.44318181818,58,74,0.3643,2288960
20220718-102400.000,0,131,3904.25,3905.25,3903.75,3904.75,150,3904.37166666667,66,84,0.3643,2288960
20220718-102500.000,0,160,3904.5,3905.25,3904.5,3904.5,189,3904.84920634921,81,108,0.3852,2288960
20220718-102600.000,0,62,3904.5,3904.75,3904,3904.25,69,3904.50724637681,39,30,0.2494,2288960
20220718-102700.000,0,85,3904.25,3904.5,3903.75,3904,96,3904.14583333333,57,39,0.3846,2288960
20220718-102800.000,0,60,3904,3904.5,3904,3904.25,67,3904.34328358209,31,36,0.3699,2288960
20220718-102900.000,0,78,3904.25,3904.25,3903.75,3904,95,3903.97631578947,53,42,0.3856,2288960
20220718-103000.000,0,59,3904,3904,3903.75,3904,63,3903.96031746032,40,23,0.3888,2288960
20220718-103100.000,0,96,3904.25,3904.5,3904,3904.25,142,3904.27992957747,47,95,0.2498,2288960
20220718-103200.000,0,43,3904.25,3904.25,3904,3904.25,67,3904.21641791045,24,43,0.3637,2288960
20220718-103300.000,0,53,3904.25,3904.25,3904,3904.25,76,3904.23684210526,18,58,0.3637,2288960
20220718-103400.000,0,82,3904.25,3904.25,3904,3904,111,3904.10135135135,49,62,0.3639,2288960
20220718-103500.000,0,123,3904,3904,3903,3903.5,154,3903.4025974026,103,51,0.3228,2288960
20220718-103600.000,0,130,3903.25,3903.5,3902.75,3903,154,3903.05681818182,91,63,0.4098,2288960
20220718-103700.000,0,171,3902.75,3903,3901.75,3902.25,218,3902.3623853211,138,80,0.396,2288960
20220718-103800.000,0,160,3902,3902.5,3901.5,3901.5,222,3901.84572072072,101,121,0.3976,2288960
20220718-103900.000,0,65,3901.5,3902.5,3901.5,3902.25,74,3902.10472972973,19,55,0.3967,2288960
20220718-104000.000,0,32,3902.25,3902.25,3902.25,3902.25,33,3902.25,14,19,0.3619,2288960
20220718-104100.000,0,58,3902.5,3902.5,3901.5,3901.5,78,3901.89423076923,47,31,0.2501,2288960
20220718-104200.000,0,116,3901.25,3902.75,3901,3902.5,137,3901.88686131387,53,84,0.2501,2288960
20220718-104300.000,0,88,3902.75,3903,3902,3902.25,106,3902.41037735849,66,40,0.2502,2288960
20220718-104400.000,0,55,3902.25,3902.25,3901.75,3901.75,66,3901.95454545455,36,30,0.2517,2288960
20220718-104500.000,0,76,3901.75,3902,3901.5,3901.5,92,3901.65760869565,51,41,0.2516,2288960
20220718-104600.000,0,86,3901.5,3901.75,3901,3901,111,3901.34684684685,54,57,0.3845,2288960
20220718-104700.000,0,269,3901.25,3901.25,3900.5,3901.25,371,3901.05188679245,140,231,0.3896,2288960
20220718-104800.000,0,302,3901.25,3902.25,3900.75,3901.25,369,3901.57520325203,163,206,0.4078,2288960
20220718-104900.000,0,93,3901.5,3902.25,3901.25,3902.25,115,3901.87173913044,55,60,0.2501,2288960
20220718-105000.000,0,113,3902.5,3902.75,3902.25,3902.25,123,3902.5,57,66,0.2502,2288960
20220718-105100.000,0,56,3902.25,3902.25,3901.75,3902,57,3901.93859649123,41,16,0.2501,2288960
20220718-105200.000,0,123,3902,3902.25,3901.5,3901.75,148,3901.81756756757,83,65,0.2499,2288960
20220718-105300.000,0,49,3901.75,3901.75,3901.5,3901.75,55,3901.55909090909,31,24,0.2516,2288960
20220718-105400.000,0,345,3901.75,3902,3900,3900.5,447,3900.84843400447,288,159,0.2516,2288960
20220718-105500.000,0,151,3900.5,3901.75,3900.25,3901.5,171,3901,76,95,0.3652,2288960
20220718-105600.000,0,122,3901.5,3902.25,3901.25,3901.75,136,3901.94852941177,62,74,0.2503,2288960
20220718-105700.000,0,130,3901.75,3902.25,3901.5,3902,140,3901.99107142857,43,97,0.2504,2288960
20220718-105800.000,0,197,3902,3902.5,3901.5,3901.75,295,3902.04745762712,210,85,0.2503,2288960
20220718-105900.000,0,97,3901.75,3901.75,3901,3901.75,104,3901.42307692308,49,55,0.25,2288960
20220718-110000.000,0,483,3901.75,3902,3899.25,3899.5,634,3900.44124605678,362,272,0.3776,2288960
20220718-110100.000,0,382,3899.75,3900.25,3899.5,3900.25,614,3899.90716612378,225,389,0.407,2288960
20220718-110200.000,0,198,3900.25,3900.25,3898.75,3899.5,240,3899.371875,174,66,0.2508,2288960
20220718-110300.000,0,210,3899.5,3901,3899,3901,279,3900.04121863799,91,188,0.2509,2288960
20220718-110400.000,0,134,3901,3901.25,3900.75,3901,154,3900.99188311688,81,73,0.2505,2288960
20220718-110500.000,0,155,3901.25,3901.75,3901,3901.5,231,3901.47835497836,114,117,0.3804,2288960
20220718-110600.000,0,194,3901.25,3902.5,3901.25,3902.5,277,3901.94675090253,67,210,0.2505,2288960
20220718-110700.000,0,311,3902.75,3904,3902.5,3903.75,423,3903.59160756501,137,286,0.2503,2288960
20220718-110800.000,0,343,3904,3904.75,3903.75,3904.25,432,3904.39467592593,196,236,0.2504,2288960
20220718-110900.000,0,328,3904.5,3905.5,3904,3905.25,521,3904.83541266795,171,350,0.2504,2288960
20220718-111000.000,0,216,3905.5,3905.5,3904.75,3905,285,3905.01403508772,164,121,0.3788,2288960
20220718-111100.000,0,210,3904.75,3905,3904.5,3904.75,324,3904.78780864198,196,128,0.408,2288960
20220718-111200.000,0,78,3904.75,3905,3904.75,3905,89,3904.93820224719,44,45,0.3756,2288960
20220718-111300.000,0,101,3905,3905.5,3905,3905.5,138,3905.1268115942,57,81,0.3781,2288960
20220718-111400.000,0,455,3905.25,3906.5,3903.5,3903.5,640,3905.075390625,401,239,0.2936,2288960
20220718-111500.000,0,154,3903.5,3903.75,3903.5,3903.5,206,3903.56432038835,85,121,0.2504,2288960
20220718-111600.000,0,100,3903.5,3904,3903.5,3903.75,125,3903.81,29,96,0.3852,2288960
20220718-111700.000,0,159,3904,3905,3904,3904.75,180,3904.49861111111,83,97,0.3735,2288960
20220718-111800.000,0,135,3904.5,3905,3904.25,3905,159,3904.68238993711,67,92,0.2504,2288960
20220718-111900.000,0,88,3904.75,3905.5,3904.75,3905,132,3905.0928030303,47,85,0.2504,2288960
20220718-112000.000,0,127,3905,3905,3904.5,3904.75,142,3904.87323943662,97,45,0.2502,2288960
20220718-112100.000,0,65,3904.75,3905,3904.5,3905,67,3904.70149253731,17,50,0.363,2288960
20220718-112200.000,0,201,3904.75,3906.25,3904.75,3905.75,239,3905.72594142259,89,150,0.2504,2288960
20220718-112300.000,0,227,3905.75,3906.5,3905.75,3906.25,269,3906.07899628253,119,150,0.2504,2288960
20220718-112400.000,0,542,3906.25,3908,3906.25,3907.5,702,3907.36680911681,295,407,0.2502,2288960
20220718-112500.000,0,432,3907.25,3907.25,3904.5,3905,489,3905.75204498978,329,160,0.2503,2288960
20220718-112600.000,0,453,3904.75,3905.75,3904.5,3905.5,655,3904.89503816794,280,375,0.3315,2288960
20220718-112700.000,0,124,3905.5,3905.5,3904.75,3905.25,137,3905.12408759124,71,66,0.3861,2288960
20220718-112800.000,0,110,3905.25,3905.75,3905,3905,129,3905.38953488372,69,60,0.2581,2288960
20220718-112900.000,0,196,3905,3906.25,3905,3906.25,234,3905.71047008547,57,177,0.2507,2288960
20220718-113000.000,0,130,3906,3906.75,3905.75,3906,147,3906.14795918367,85,62,0.3307,2288960
20220718-113100.000,0,203,3906,3907,3906,3906.5,234,3906.4967948718,90,144,0.3768,2288960
20220718-113200.000,0,129,3906.5,3907,3906.25,3906.5,141,3906.53014184397,53,88,0.2506,2288960
20220718-113300.000,0,168,3906.75,3906.75,3906,3906.25,207,3906.28381642512,108,99,0.2514,2288960
20220718-113400.000,0,214,3906.25,3906.25,3905.25,3905.75,268,3905.67350746269,148,120,0.3736,2288960
20220718-113500.000,0,130,3905.75,3905.75,3905,3905.25,143,3905.24475524476,88,55,0.3302,2288960
20220718-113600.000,0,219,3905,3905.5,3904.5,3905.5,272,3904.90992647059,143,129,0.3874,2288960
20220718-113700.000,0,127,3905.5,3905.75,3904.75,3904.75,155,3905.11451612903,85,70,0.2514,2288960
20220718-113800.000,0,279,3904.5,3904.75,3904,3904.5,403,3904.4429280397,203,200,0.2515,2288960
20220718-113900.000,0,147,3904.25,3904.5,3903.75,3904,255,3904.11568627451,177,78,0.3945,2288960
20220718-114000.000,0,237,3904,3904.25,3903.5,3904.25,281,3903.86921708185,124,157,0.4008,2288960
20220718-114100.000,0,298,3904,3904.25,3903.25,3903.25,536,3903.58768656716,391,145,0.3758,2288960
20220718-114200.000,0,202,3903,3903.5,3903,3903,377,3903.11273209549,266,111,0.3705,2288960
20220718-114300.000,0,318,3903.25,3903.5,3902.75,3903,425,3903.14882352941,178,247,0.3202,2288960
20220718-114400.000,0,121,3903,3903.5,3902.75,3903.5,160,3903.0765625,59,101,0.3827,2288960
20220718-114500.000,0,150,3903.5,3903.75,3903,3903.75,215,3903.37906976744,85,130,0.3695,2288960
20220718-114600.000,0,204,3903.5,3904,3903.25,3903.75,286,3903.67132867133,107,179,0.3695,2288960
20220718-114700.000,0,359,3904,3905,3903.75,3904.25,967,3904.22207859359,225,742,0.2509,2288960
20220718-114800.000,0,112,3904,3904.75,3904,3904.75,150,3904.41666666667,58,92,0.3869,2288960
20220718-114900.000,0,126,3904.75,3904.75,3904,3904.5,152,3904.30921052632,67,85,0.3774,2288960
20220718-115000.000,0,108,3904.5,3905,3904.25,3905,132,3904.7178030303,36,96,0.3481,2288960
20220718-115100.000,0,177,3905,3905.25,3904.75,3904.75,235,3905.02553191489,107,128,0.2513,2288960
20220718-115200.000,0,146,3905,3905.25,3904.75,3905.25,186,3905.08870967742,78,108,0.2514,2288960
20220718-115300.000,0,77,3905.5,3905.5,3905,3905,95,3905.21578947368,67,28,0.2513,2288960
20220718-115400.000,0,276,3905,3905,3903,3903,415,3903.98253012048,321,94,0.3773,2288960
20220718-115500.000,0,169,3903,3904,3903,3903.5,224,3903.56696428571,102,122,0.3773,2288960
20220718-115600.000,0,231,3903.25,3903.25,3902.5,3902.5,298,3902.90687919463,155,143,0.2514,2288960
20220718-115700.000,0,286,3902.5,3902.75,3901.75,3902.25,490,3902.28469387755,312,178,0.3809,2288960
20220718-115800.000,0,103,3902,3902.75,3902,3902.5,117,3902.42735042735,50,67,0.3246,2288960
20220718-115900.000,0,153,3902.75,3903,3902.5,3902.75,201,3902.7276119403,91,110,0.2517,2288960
20220718-120000.000,0,279,3902.75,3903.75,3902.75,3903.5,331,3903.36027190332,127,204,0.2517,2288960
20220718-120100.000,0,294,3903.5,3904.5,3903.25,3904.5,376,3903.77792553192,190,186,0.2514,2288960
20220718-120200.000,0,276,3904.25,3905.25,3904.25,3904.75,323,3904.79024767802,153,170,0.2512,2288960
20220718-120300.000,0,332,3904.75,3905.25,3904,3904,422,3904.77251184834,238,184,0.2512,2288960
20220718-120400.000,0,553,3904.25,3904.5,3902,3902.75,738,3902.94342818428,474,264,0.3949,2288960
20220718-120500.000,0,277,3902.75,3903.75,3902.5,3903.75,343,3903.01749271137,133,210,0.2514,2288960
20220718-120600.000,0,299,3903.5,3904.25,3903.25,3903.75,367,3903.8651226158,188,179,0.2514,2288960
20220718-120700.000,0,268,3903.75,3904.5,3903.25,3903.75,446,3903.77802690583,233,213,0.3616,2288960
20220718-120800.000,0,443,3903.75,3904.75,3903,3903.25,590,3903.8313559322,338,252,0.2511,2288960
20220718-120900.000,0,179,3903.25,3903.75,3903,3903.25,226,3903.40154867257,118,108,0.2511,2288960
20220718-121000.000,0,134,3903,3903.25,3902.5,3902.75,158,3902.82436708861,105,53,0.2515,2288960
20220718-121100.000,0,690,3902.75,3905,3902.25,3902.25,926,3903.49784017279,407,519,0.3864,2288960
20220718-121200.000,0,320,3902,3903,3902,3902.75,383,3902.42297650131,155,228,0.3861,2288960
20220718-121300.000,0,308,3902.75,3902.75,3901.5,3901.75,415,3901.99096385542,238,177,0.3828,2288960
20220718-121400.000,0,331,3901.75,3903.25,3901.5,3902,391,3902.40856777494,185,206,0.2513,2288960
20220718-121500.000,0,525,3902.25,3902.25,3900.25,3901,623,3900.99759229535,374,249,0.2514,2288960
20220718-121600.000,0,1379,3901,3901,3897.25,3898.75,1940,3898.87963917526,1136,804,0.3255,2288960
20220718-121700.000,0,514,3898.75,3899.25,3897.75,3898.25,597,3898.55192629816,338,259,0.386,2288960
20220718-121800.000,0,906,3898.25,3898.5,3896,3896,1304,3897.10295245399,794,510,0.3716,2288960
20220718-121900.000,0,658,3896.25,3897.25,3896,3896.5,808,3896.50680693069,389,419,0.3717,2288960
20220718-122000.000,0,467,3896.25,3897.25,3896.25,3896.75,534,3896.89138576779,217,317,0.3717,2288960
20220718-122100.000,0,308,3897,3897.5,3896.75,3897.25,355,3897.04507042254,174,181,0.2526,2288960
20220718-122200.000,0,684,3897.25,3897.25,3895.25,3895.5,997,3895.73520561685,630,367,0.2525,2288960
20220718-122300.000,0,1090,3895.75,3896,3893,3893.5,1885,3894.36352785146,1268,617,0.3822,2288960
20220718-122400.000,0,604,3893.5,3895,3893.25,3894.5,735,3894.16972789116,331,404,0.253,2288960
20220718-122500.000,0,553,3894.5,3894.75,3893.25,3893.5,675,3894.01444444444,413,262,0.269,2288960
20220718-122600.000,0,621,3893.5,3893.75,3892.75,3893,825,3893.14787878788,470,355,0.2532,2288960
20220718-122700.000,0,1038,3893,3893,3890.5,3891,1422,3891.60073839662,930,492,0.3878,2288960
20220718-122800.000,0,715,3891.25,3891.75,3890.75,3891.25,990,3891.26742424242,384,606,0.2539,2288960
20220718-122900.000,0,1000,3891.25,3892,3890,3890.75,1377,3890.6572258533,843,534,0.2539,2288960
20220718-123000.000,0,641,3891,3891,3890,3890.5,836,3890.4976076555,438,398,0.2538,2288960
20220718-123100.000,0,943,3890.25,3892.5,3890,3892.5,1277,3891.39819890368,554,723,0.367,2288960
20220718-123200.000,0,727,3892.25,3893.25,3892,3892.75,901,3892.80160932297,375,526,0.2536,2288960
20220718-123300.000,0,508,3892.75,3894,3892.5,3893.5,694,3893.35590778098,263,431,0.2534,2288960
20220718-123400.000,0,369,3893.5,3894.5,3893.5,3894.25,435,3894.05344827586,189,246,0.2532,2288960
20220718-123500.000,0,406,3894.25,3894.25,3892.5,3892.5,458,3893.40502183406,303,155,0.2531,2288960
20220718-123600.000,0,409,3892.5,3894.25,3892.25,3893.75,483,3893.33333333333,220,263,0.3931,2288960
20220718-123700.000,0,244,3893.75,3894.5,3893.5,3894.5,281,3893.83985765125,128,153,0.2532,2288960
20220718-123800.000,0,556,3894.5,3895.25,3894.25,3894.5,638,3894.85540752351,313,325,0.2531,2288960
20220718-123900.000,0,439,3894.75,3895,3892.5,3893,514,3893.67558365759,337,177,0.253,2288960
20220718-124000.000,0,453,3893,3893.25,3892,3893,567,3892.54409171076,296,271,0.2531,2288960
20220718-124100.000,0,163,3893,3893.5,3893,3893.25,186,3893.26209677419,69,117,0.3621,2288960
20220718-124200.000,0,219,3893.5,3893.75,3893,3893.25,283,3893.46024734982,126,157,0.3624,2288960
20220718-124300.000,0,380,3893.25,3894.25,3893.25,3893.75,450,3893.58555555556,177,273,0.3621,2288960
20220718-124400.000,0,339,3893.75,3894.5,3893.25,3894.25,374,3893.80949197861,164,210,0.3179,2288960
20220718-124500.000,0,534,3894.25,3894.75,3892.5,3892.75,638,3893.78017241379,352,286,0.3182,2288960
20220718-124600.000,0,700,3892.75,3893,3890.5,3891.75,873,3891.31786941581,475,398,0.2528,2288960
20220718-124700.000,0,371,3891.75,3891.75,3890.5,3891.5,446,3891.17488789238,225,221,0.3059,2288960
20220718-124800.000,0,378,3891.5,3892,3891,3891.5,465,3891.49301075269,204,261,0.2526,2288960
20220718-124900.000,0,364,3891.75,3892.5,3891.25,3892.25,414,3891.86835748792,194,220,0.2541,2288960
20220718-125000.000,0,657,3892.25,3893.5,3891.25,3891.5,842,3892.59501187648,389,453,0.2532,2288960
20220718-125100.000,0,336,3891.5,3892,3891.25,3891.75,364,3891.77815934066,185,179,0.253,2288960
20220718-125200.000,0,417,3892,3893,3891.5,3892.25,528,3892.15482954545,192,336,0.253,2288960
20220718-125300.000,0,455,3892.25,3892.75,3891.25,3891.75,653,3892.1971669219,345,308,0.2528,2288960
20220718-125400.000,0,251,3891.75,3892.5,3891.75,3892,295,3892.10508474576,111,184,0.253,2288960
20220718-125500.000,0,258,3892.25,3893.25,3891.5,3893,309,3892.4498381877,110,199,0.2546,2288960
20220718-125600.000,0,552,3893,3894.25,3893,3894.25,672,3893.64099702381,320,352,0.2545,2288960
20220718-125700.000,0,405,3894.5,3895,3894,3894.75,493,3894.39148073022,245,248,0.2538,2288960
20220718-125800.000,0,442,3894.5,3895.5,3894.5,3895.5,531,3894.96657250471,251,280,0.2513,2288960
20220718-125900.000,0,825,3895.5,3897,3895.25,3896.5,1135,3896.22466960352,364,771,0.2536,2288960
20220718-130000.000,0,486,3896.25,3896.5,3895.25,3896,637,3895.8328100471,325,312,0.2534,2288960
20220718-130100.000,0,593,3896,3896.5,3895,3895.5,725,3895.77517241379,345,380,0.2522,2288960
20220718-130200.000,0,386,3895.75,3896.25,3895,3895.5,451,3895.69124168514,230,221,0.2515,2288960
20220718-130300.000,0,339,3895.25,3895.5,3894.5,3894.5,394,3895.00444162437,227,167,0.2523,2288960
20220718-130400.000,0,424,3894.5,3895,3893.75,3894.5,536,3894.36847014925,300,236,0.259,2288960
20220718-130500.000,0,506,3894.5,3895.75,3894.5,3895,585,3895.08803418803,267,318,0.3457,2288960
20220718-130600.000,0,394,3895,3895.75,3895,3895,468,3895.38835470085,199,269,0.2518,2288960
20220718-130700.000,0,347,3895,3895.25,3894,3895,429,3894.70454545455,226,203,0.2517,2288960
20220718-130800.000,0,359,3895,3895.25,3894.5,3895,441,3895.01700680272,205,236,0.2517,2288960
20220718-130900.000,0,365,3895,3896,3895,3895.25,421,3895.54156769596,211,210,0.2518,2288960
20220718-131000.000,0,230,3895.25,3895.75,3895,3895.5,266,3895.32988721805,118,148,0.2518,2288960
20220718-131100.000,0,459,3895.75,3895.75,3894.75,3895.5,597,3895.26549413735,337,260,0.2506,2288960
20220718-131200.000,0,486,3895.5,3895.5,3892.75,3892.75,622,3894.22106109325,430,192,0.2518,2288960
20220718-131300.000,0,468,3893,3893.75,3892.5,3893.5,645,3893.17945736434,263,382,0.3944,2288960
20220718-131400.000,0,222,3893.25,3894,3893.25,3893.75,292,3893.66866438356,131,161,0.3938,2288960
20220718-131500.000,0,336,3893.75,3894.5,3893.25,3893.5,450,3893.96,259,191,0.3435,2288960
20220718-131600.000,0,297,3893.75,3894.75,3893.75,3894.25,421,3894.18705463183,166,255,0.3437,2288960
20220718-131700.000,0,331,3894.5,3895.5,3894,3895.5,420,3894.66845238095,164,256,0.3432,2288960
20220718-131800.000,0,421,3895.5,3896.5,3895.5,3896.25,511,3896.00244618395,225,286,0.2519,2288960
20220718-131900.000,0,346,3896.25,3896.5,3895.5,3895.75,441,3895.85884353742,241,200,0.2509,2288960
20220718-132000.000,0,489,3895.75,3895.75,3893.75,3894.25,629,3894.48887122417,377,252,0.2509,2285954
20220718-132100.000,0,333,3894.25,3894.75,3894,3894.75,401,3894.35286783042,202,199,0.2508,2285954
20220718-132200.000,0,359,3895,3896.5,3894.75,3896,448,3895.60212053571,152,296,0.2531,2285954
20220718-132300.000,0,273,3896.25,3896.25,3895.25,3895.75,321,3895.64330218069,153,168,0.3639,2285954
20220718-132400.000,0,144,3895.75,3895.75,3895.25,3895.75,171,3895.5350877193,90,81,0.3666,2285954
20220718-132500.000,0,891,3895.75,3897.5,3895.25,3897.25,1108,3896.74435920578,437,671,0.2524,2285954
20220718-132600.000,0,432,3897,3897.5,3896.25,3896.75,517,3897.13104448743,246,271,0.2524,2285954
20220718-132700.000,0,966,3896.75,3897.5,3895,3896.25,1176,3896.36819727891,544,632,0.2503,2285954
20220718-132800.000,0,1347,3896.5,3897.25,3895,3897.25,1653,3895.98790078645,697,956,0.2503,2285954
20220718-132900.000,0,1972,3897,3899,3896.5,3897.75,2753,3897.63657827824,1148,1605,0.253,2285954
20220718-133000.000,0,8258,3898,3899,3894.5,3897.5,11194,3896.94742719314,5268,5926,0.253,2285954
20220718-133100.000,0,8050,3897.75,3901.5,3894.75,3899.5,10136,3898.50130722178,4635,5501,0.3169,2285954
20220718-133200.000,0,8924,3899.5,3902.75,3898.25,3900,13402,3900.18465527533,5877,7525,0.25,2285954
20220718-133300.000,0,4380,3900,3903.75,3899.75,3903.5,5582,3902.20955750627,2692,2890,0.2491,2285954
20220718-133400.000,0,5605,3903.25,3904,3898.5,3898.75,7410,3901.01042510121,4027,3383,0.3076,2285954
20220718-133500.000,0,6864,3898.75,3899.25,3894.5,3897.75,8282,3897.32540449167,4461,3821,0.3063,2285954
20220718-133600.000,0,3672,3897.5,3898.5,3895,3896.25,4396,3896.87926524113,2131,2265,0.2485,2285954
20220718-133700.000,0,4218,3896.25,3899.75,3896,3899,5071,3898.38212384145,2277,2794,0.2901,2285954
20220718-133800.000,0,3751,3898.75,3901.75,3897.5,3899.25,4415,3899.49603624009,2080,2335,0.2485,2285954
20220718-133900.000,0,3119,3899,3900,3895.75,3896.5,3746,3898.42091564335,1957,1789,0.249,2285954
20220718-134000.000,0,6556,3896.75,3897,3891,3892.5,8599,3893.78296894988,4581,4018,0.249,2285954
20220718-134100.000,0,3621,3892.75,3899,3892.75,3897.75,4968,3896.14105273752,1944,3024,0.2498,2285954
20220718-134200.000,0,3564,3897.75,3899.5,3895.25,3897.25,4400,3897.47465909091,2187,2213,0.2501,2285954
20220718-134300.000,0,3438,3897.5,3901,3897,3899.5,4093,3899.2540923528,1824,2269,0.25,2285954
20220718-134400.000,0,3119,3899.5,3901.25,3898.5,3900.5,4034,3899.86756321269,1752,2282,0.2495,2285954
20220718-134500.000,0,3842,3900.75,3902.75,3899.25,3900,4894,3901.19850837761,2352,2542,0.2494,2285954
20220718-134600.000,0,3734,3900,3904.75,3898.25,3903,4643,3902.02945293991,1986,2657,0.2496,2285954
20220718-134700.000,0,4788,3902.75,3903,3897.5,3898.75,6466,3899.69362820909,3506,2960,0.2496,2285954
20220718-134800.000,0,3727,3898.5,3901,3898.5,3900.25,4755,3899.92981072555,2082,2673,0.2503,2285954
20220718-134900.000,0,2575,3900.25,3902.5,3899.75,3902.25,3316,3901.34612484922,1526,1790,0.2501,2285954
20220718-135000.000,0,3029,3902,3903.75,3901,3901.25,3847,3902.7459059007,1917,1930,0.2495,2285954
20220718-135100.000,0,2618,3901.5,3902.25,3899.5,3901.5,3271,3900.92601650871,1663,1608,0.25,2285954
20220718-135200.000,0,2284,3901.75,3903,3900.75,3901,2887,3901.73060270177,1443,1444,0.2503,2285954
20220718-135300.000,0,2271,3900.75,3902.25,3900,3901.25,2972,3901.10489569314,1388,1584,0.2501,2285954
20220718-135400.000,0,1700,3901,3902.5,3901,3901.75,2113,3901.65191670611,977,1136,0.2503,2285954
20220718-135500.000,0,2904,3902,3905.25,3901,3902.5,3853,3902.99351154944,1645,2208,0.2928,2285954
20220718-135600.000,0,2664,3902.5,3903.25,3899.5,3901.25,3404,3901.11985898942,1724,1680,0.2917,2285954
20220718-135700.000,0,1911,3901.25,3902,3898.5,3898.75,2388,3900.46922110553,1293,1095,0.2917,2285954
20220718-135800.000,0,1768,3899,3899.5,3898,3898.75,2209,3898.83046627433,1074,1135,0.2495,2285954
20220718-135900.000,0,2537,3899,3900.25,3897.25,3897.5,3692,3898.18201516793,1907,1785,0.2681,2285954
20220718-140000.000,0,4756,3897.5,3899.75,3893.75,3894.75,6108,3897.15021283563,3282,2826,0.2916,2285954
20220718-140100.000,0,5951,3894.75,3901.5,3894.75,3901.25,7885,3898.34292961319,3511,4374,0.2927,2285954
20220718-140200.000,0,2997,3901.25,3901.5,3896.75,3897.75,3648,3898.60505756579,1984,1664,0.2927,2285954
20220718-140300.000,0,2457,3897.75,3899,3895.5,3896.25,2995,3897.0081803005,1562,1433,0.2874,2285954
20220718-140400.000,0,2641,3896.25,3897.75,3895,3897.5,3339,3896.60182689428,1725,1614,0.2534,2285954
20220718-140500.000,0,2820,3897.5,3897.5,3893.75,3895,3444,3895.2131242741,1916,1528,0.2991,2285954
20220718-140600.000,0,3170,3895,3896.75,3892.25,3896.5,3865,3894.40498059508,1954,1911,0.254,2285954
20220718-140700.000,0,2397,3896.5,3897,3893.5,3893.5,3023,3895.42904399603,1548,1475,0.2544,2285954
20220718-140800.000,0,3608,3893.25,3895.25,3892,3895.25,5022,3893.30485862206,2455,2567,0.255,2285954
20220718-140900.000,0,1649,3895,3895.5,3893.75,3894.5,1939,3894.62983496648,1034,905,0.255,2285954
20220718-141000.000,0,2515,3894.5,3895.5,3892.25,3893.25,3098,3893.7006132989,1772,1326,0.2831,2285954
20220718-141100.000,0,5703,3893,3894,3887,3888.75,7846,3889.25194366556,4626,3220,0.2832,2285954
20220718-141200.000,0,3282,3888.75,3889.25,3886.5,3889,4531,3887.79971308762,2090,2441,0.2512,2285954
20220718-141300.000,0,2730,3889,3891.25,3887.75,3890.5,3469,3889.30246468723,1602,1867,0.2846,2285954
20220718-141400.000,0,2673,3890.5,3892,3889.25,3891.5,3406,3890.42726071638,1838,1568,0.2505,2285954
20220718-141500.000,0,3107,3891.5,3893.5,3891,3893.25,4040,3892.1135519802,2056,1984,0.2847,2285954
20220718-141600.000,0,2761,3893.25,3894.75,3892,3893,3723,3893.38839645447,1989,1734,0.2847,2285954
20220718-141700.000,0,2735,3892.75,3893.75,3890.75,3891,4080,3892.27463235294,2307,1773,0.2846,2285954
20220718-141800.000,0,3400,3891.25,3892,3889,3891.75,4661,3890.34305942931,2265,2396,0.3123,2285954
20220718-141900.000,0,2267,3891.75,3893,3890.5,3892.5,2968,3891.79388477089,1468,1500,0.2836,2285954
20220718-142000.000,0,2171,3892.5,3894.25,3891.25,3893.25,2853,3893.19987732212,1425,1428,0.2836,2285954
20220718-142100.000,0,2170,3893.25,3895.25,3892.5,3895,2786,3893.97622038765,1364,1422,0.2835,2285954
20220718-142200.000,0,1567,3895,3895.25,3893,3893.75,1946,3894.29380781089,993,953,0.2819,2285954
20220718-142300.000,0,2675,3893.75,3894,3892,3893,3326,3892.97309079976,1874,1452,0.2814,2285954
20220718-142400.000,0,1752,3893,3894.75,3892.25,3893.25,2138,3893.40540224509,1078,1060,0.2823,2285954
20220718-142500.000,0,2021,3893.25,3893.75,3890.75,3892.25,2536,3892.19203470032,1369,1167,0.2811,2285954
20220718-142600.000,0,2097,3892.25,3893,3890.75,3892.25,3086,3892.03929034349,1264,1822,0.279,2285954
20220718-142700.000,0,1722,3892,3892.5,3890,3892,2168,3891.09986162362,1116,1052,0.2814,2285954
20220718-142800.000,0,1747,3892.25,3893,3891.75,3892.75,2288,3892.47060751748,1026,1262,0.2802,2285954
20220718-142900.000,0,1549,3892.75,3893,3891,3891.75,1977,3892.01188669702,1014,963,0.2802,2285954
20220718-143000.000,0,3191,3892,3895.25,3891.5,3894.25,3989,3894.09770619203,1715,2274,0.2533,2285954
20220718-143100.000,0,1420,3894.25,3895,3892.5,3893,1645,3893.90501519757,882,763,0.2484,2285954
20220718-143200.000,0,1120,3892.75,3893.25,3891.75,3893,1349,3892.40770941438,661,688,0.2483,2285954
20220718-143300.000,0,2423,3892.75,3897,3892.5,3896,2974,3895.16207128447,1174,1800,0.2503,2285954
20220718-143400.000,0,2077,3895.75,3897,3895.25,3895.75,2700,3896.04111111111,1383,1317,0.248,2285954
20220718-143500.000,0,2040,3896,3897.25,3895,3896.75,2709,3896.09099298634,1371,1338,0.248,2285954
20220718-143600.000,0,1581,3896.5,3897,3894.25,3894.75,1991,3895.52184831743,1085,906,0.2481,2285954
20220718-143700.000,0,2382,3895,3895.5,3890.5,3891.5,3016,3893.24618700265,1759,1257,0.2888,2285954
20220718-143800.000,0,2096,3891.5,3893.25,3890.75,3891.75,2504,3891.9339057508,1332,1172,0.2805,2285954
20220718-143900.000,0,1399,3891.75,3893.5,3891,3893.25,1715,3892.16034985423,860,855,0.2816,2285954
20220718-144000.000,0,1619,3893.5,3895.5,3893.25,3894.75,2429,3894.32461918485,1023,1406,0.2486,2285954
20220718-144100.000,0,1314,3894.75,3895.5,3893,3893.75,1698,3894.17682567727,835,863,0.2482,2285954
20220718-144200.000,0,1158,3893.75,3894.5,3892.5,3893,1417,3893.64678899083,688,729,0.2485,2285954
20220718-144300.000,0,1217,3892.75,3894.25,3891.5,3894,1492,3892.98391420912,769,723,0.2485,2285954
20220718-144400.000,0,1298,3894,3894.5,3892.25,3893.25,1575,3893.43952380952,853,722,0.2499,2285954
20220718-144500.000,0,2033,3893,3893,3890.75,3891.25,2463,3891.76187576127,1290,1173,0.2483,2285954
20220718-144600.000,0,3432,3891.25,3891.5,3887,3889.75,4740,3888.85891350211,2597,2143,0.2539,2285954
20220718-144700.000,0,1712,3889.75,3890.75,3889,3889.25,2044,3889.96404109589,1066,978,0.2497,2285954
20220718-144800.000,0,1750,3889.25,3890.75,3888.25,3890.5,2229,3889.41105877075,1144,1085,0.2494,2285954
20220718-144900.000,0,1554,3890.5,3890.75,3888.5,3890,1983,3889.4316691881,1092,891,0.2493,2285954
20220718-145000.000,0,1882,3890.25,3891.25,3889,3889.25,2432,3890.14576480263,1285,1147,0.2496,2285954
20220718-145100.000,0,1418,3889.25,3891,3888.5,3890.25,1797,3889.66499721758,856,941,0.2999,2285954
20220718-145200.000,0,1677,3890.25,3890.5,3888.75,3889.5,2245,3889.65991091314,1186,1059,0.2493,2285954
20220718-145300.000,0,1475,3889.5,3891.5,3889,3891.25,1809,3890.48770038695,793,1016,0.2489,2285954
20220718-145400.000,0,1566,3891.25,3892.25,3890.5,3891.25,2004,3891.42801896208,896,1108,0.2487,2285954
20220718-145500.000,0,1057,3891.25,3891.75,3890.5,3891.25,1319,3891.25379075057,607,712,0.2487,2285954
20220718-145600.000,0,1517,3891.25,3893.5,3891,3892.75,1910,3892.50876963351,856,1054,0.2485,2285954
20220718-145700.000,0,1967,3892.75,3895.5,3892.5,3895,2591,3894.03541103821,1096,1495,0.2483,2285954
20220718-145800.000,0,1334,3895.25,3895.25,3893.5,3894.25,1782,3894.27455106622,904,878,0.2483,2285954
20220718-145900.000,0,1594,3894.25,3895.5,3893,3893.75,2187,3894.06241426612,1076,1111,0.3059,2285954
20220718-150000.000,0,2518,3893.75,3894.5,3892.25,3893.25,3437,3893.20213849287,1778,1659,0.2484,2285954
20220718-150100.000,0,1775,3893.25,3895,3892.5,3893.25,2341,3893.80745407945,1171,1170,0.2484,2285954
20220718-150200.000,0,1676,3893.25,3893.25,3891,3891.5,2208,3891.87998188406,1075,1133,0.2899,2285954
20220718-150300.000,0,1274,3891.25,3891.75,3890.25,3891.25,1559,3890.95060936498,676,883,0.2984,2285954
20220718-150400.000,0,1022,3891.25,3892.75,3890.5,3892.5,1197,3891.66060985798,504,693,0.2961,2285954
20220718-150500.000,0,1215,3892.75,3893.25,3892,3892.25,1429,3892.69034289713,708,721,0.2978,2285954
20220718-150600.000,0,1217,3892.25,3894.25,3892.25,3893.75,1441,3893.45315752949,690,751,0.248,2285954
20220718-150700.000,0,1833,3893.75,3893.75,3889.75,3890,2514,3891.62678997613,1570,944,0.248,2285954
20220718-150800.000,0,1397,3890,3892,3889.75,3890.5,1794,3891.03748606466,858,936,0.3,2285954
20220718-150900.000,0,1388,3890.5,3891,3889,3890,1719,3890.01294357184,891,828,0.3003,2285954
20220718-151000.000,0,1227,3890,3891,3889.25,3889.5,1589,3890.3390497168,814,775,0.316,2285954
20220718-151100.000,0,931,3889.75,3891,3889.5,3891,1075,3890.04023255814,539,536,0.3117,2285954
20220718-151200.000,0,940,3891,3891,3889.25,3890.25,1091,3890.11296975252,543,548,0.3089,2285954
20220718-151300.000,0,763,3890.25,3890.75,3889.75,3890,939,3890.26384451544,500,439,0.3078,2285954
20220718-151400.000,0,1199,3889.75,3890.5,3888.5,3890.25,1590,3889.3605345912,864,726,0.3082,2285954
20220718-151500.000,0,1160,3890.5,3891.25,3889.25,3889.5,1440,3890.15833333333,741,699,0.3071,2285954
20220718-151600.000,0,1330,3889.5,3890,3888.25,3888.25,1736,3888.92713133641,977,759,0.307,2285954
20220718-151700.000,0,1483,3888.25,3889,3887.5,3888.25,2138,3888.16323666979,1077,1061,0.3098,2285954
20220718-151800.000,0,1439,3888,3889.5,3887.5,3889.5,1914,3888.35566875653,821,1093,0.3093,2285954
20220718-151900.000,0,1466,3889.75,3891,3889.5,3889.75,1772,3890.21360045147,892,880,0.248,2285954
20220718-152000.000,0,1403,3889.5,3890.25,3889,3889.75,1671,3889.56134051466,854,817,0.2881,2285954
20220718-152100.000,0,997,3889.75,3890.75,3888.75,3889.75,1202,3889.60274542429,554,648,0.2867,2285954
20220718-152200.000,0,953,3889.75,3891,3888.75,3890.75,1204,3889.70203488372,469,735,0.2908,2285954
20220718-152300.000,0,1222,3891,3891.5,3890,3890,1467,3890.6612133606,678,789,0.2908,2285954
20220718-152400.000,0,1074,3890,3891.75,3889.75,3891.25,1317,3890.87471526196,617,700,0.2482,2285954
20220718-152500.000,0,1242,3891.25,3891.75,3889.75,3891.25,1591,3890.86989314896,811,780,0.2483,2285954
20220718-152600.000,0,1015,3891.25,3892,3890.75,3892,1276,3891.17927115987,629,647,0.2482,2285954
20220718-152700.000,0,1305,3891.75,3892.75,3890.5,3890.5,1765,3891.71685552408,847,918,0.2475,2285954
20220718-152800.000,0,1178,3890.75,3891.75,3890,3890.5,1440,3890.83107638889,702,738,0.2478,2285954
20220718-152900.000,0,1151,3890.75,3892.25,3890.5,3890.75,1522,3891.28449408673,777,745,0.2475,2285954
20220718-153000.000,0,1674,3890.5,3891.25,3889.5,3890,2162,3890.38263182239,1126,1036,0.2486,2285954
20220718-153100.000,0,1556,3890.25,3890.25,3888.5,3889,2078,3889.30714629451,1028,1050,0.2918,2285954
20220718-153200.000,0,1639,3889.25,3892.5,3889,3891.5,2061,3890.87336244542,829,1232,0.2491,2285954
20220718-153300.000,0,1650,3891.75,3893.25,3891.5,3892.5,2205,3892.65487528345,953,1252,0.248,2285954
20220718-153400.000,0,1659,3892.5,3894,3891.75,3892,2168,3893.12811346863,1236,932,0.2908,2285954
20220718-153500.000,0,1308,3892.25,3893.25,3891.75,3893,1680,3892.24702380952,701,979,0.2908,2285954
20220718-153600.000,0,1486,3893.25,3894,3893,3893.25,2003,3893.56465302047,917,1086,0.2905,2285954
20220718-153700.000,0,1672,3893.25,3895,3893.25,3894.5,2240,3894.25613839286,953,1287,0.2485,2285954
20220718-153800.000,0,900,3894.5,3894.75,3893.5,3893.75,1033,3894.1229428848,501,532,0.2482,2285954
20220718-153900.000,0,846,3893.75,3895,3893.75,3894.5,1027,3894.47297955209,463,564,0.2485,2285954
20220718-154000.000,0,1770,3894.75,3895.75,3894.25,3895.25,2292,3895.02486910995,1015,1277,0.2481,2285954
20220718-154100.000,0,971,3895,3895.5,3894.25,3895.25,1199,3894.97497914929,552,647,0.247,2285954
20220718-154200.000,0,955,3895.25,3896.5,3895,3895.5,1159,3895.85957722174,526,633,0.2471,2285954
20220718-154300.000,0,1789,3895.5,3897.75,3895.5,3897.5,2687,3896.81261630071,1099,1588,0.247,2285954
20220718-154400.000,0,1429,3897.5,3898.25,3897.25,3898.25,2224,3897.77810251799,1210,1014,0.2467,2285954
20220718-154500.000,0,1784,3898,3898.75,3896.5,3896.5,2696,3897.7584384273,1322,1374,0.2467,2285954
20220718-154600.000,0,1615,3896.5,3897.25,3895.75,3896.5,2131,3896.66963866729,1063,1068,0.2468,2285954
20220718-154700.000,0,1853,3896.5,3897.25,3895,3895.25,2367,3896.23098859316,1194,1173,0.2468,2285954
20220718-154800.000,0,949,3895.25,3895.75,3894.75,3895.25,1262,3895.34924722662,675,587,0.3144,2285954
20220718-154900.000,0,999,3895.25,3896,3894.25,3894.75,1328,3895.02240210843,691,637,0.2876,2285954
20220718-155000.000,0,1320,3894.75,3895.5,3893.75,3895.25,1768,3894.76258484163,956,812,0.2911,2285954
20220718-155100.000,0,1214,3895.25,3897,3895,3896.5,1580,3895.99620253165,684,896,0.2913,2285954
20220718-155200.000,0,1105,3896.75,3896.75,3895.25,3896,1405,3896.16903914591,778,627,0.2891,2285954
20220718-155300.000,0,744,3895.75,3896.25,3895.25,3896.25,899,3895.77447163515,463,436,0.2645,2285954
20220718-155400.000,0,1265,3896.25,3897.5,3896,3896.75,1636,3896.69605745721,704,932,0.2537,2285954
20220718-155500.000,0,944,3896.75,3897.25,3896,3896.75,1221,3896.69594594595,648,573,0.2539,2285954
20220718-155600.000,0,917,3896.75,3898.25,3896.5,3898,1183,3897.48879966188,490,693,0.2539,2285954
20220718-155700.000,0,1082,3897.75,3898.5,3897.25,3898.25,1520,3897.73782894737,785,735,0.2465,2285954
20220718-155800.000,0,1083,3898.5,3899,3897.75,3898.5,1460,3898.47517123288,702,758,0.2465,2285954
20220718-155900.000,0,1269,3898.5,3899,3897.75,3898,2038,3898.34421000981,1041,997,0.2463,2285954
20220718-160000.000,0,1406,3898,3898.5,3896.5,3897,1944,3897.44174382716,1008,936,0.2462,2285954
20220718-160100.000,0,1000,3897,3897.5,3896.25,3896.5,1296,3896.77777777778,697,599,0.2462,2285954
20220718-160200.000,0,902,3896.5,3897.25,3895.75,3897,1148,3896.51175958188,550,598,0.2652,2285954
20220718-160300.000,0,780,3897.25,3897.25,3896,3896.5,974,3896.70764887064,485,489,0.2463,2285954
20220718-160400.000,0,611,3896.75,3896.75,3895.75,3896.25,772,3896.15997409326,415,357,0.2727,2285954
20220718-160500.000,0,890,3896.25,3897,3895,3896.75,1180,3895.90211864407,574,606,0.3039,2285954
20220718-160600.000,0,1015,3897,3898,3896.75,3897,1507,3897.43148639682,721,786,0.2458,2285954
20220718-160700.000,0,1186,3897.25,3897.25,3894.75,3895,1691,3895.84343583678,969,722,0.2458,2285954
20220718-160800.000,0,2566,3895.25,3895.25,3893.5,3894.75,3618,3894.13771420674,1992,1626,0.2479,2285954
20220718-160900.000,0,1252,3894.75,3895,3893.75,3895,1781,3894.57916900618,875,906,0.2464,2285954
20220718-161000.000,0,1016,3895,3895.75,3894.25,3895,1582,3894.99952591656,671,911,0.2457,2285954
20220718-161100.000,0,777,3895,3896.75,3894.75,3896.75,1004,3895.59013944223,429,575,0.2458,2285954
20220718-161200.000,0,1024,3896.75,3897.25,3896.25,3896.75,1375,3896.72454545455,650,725,0.2454,2285954
20220718-161300.000,0,638,3896.75,3897.75,3896.5,3896.75,854,3897.04683840749,431,423,0.2455,2285954
20220718-161400.000,0,800,3897,3897,3896.25,3896.75,1010,3896.67351485149,534,476,0.2454,2285954
20220718-161500.000,0,720,3896.75,3897.25,3896,3896.25,936,3896.60336538462,543,393,0.2454,2285954
20220718-161600.000,0,651,3896.5,3897.25,3896.25,3896.75,790,3896.72373417722,370,420,0.2456,2285954
20220718-161700.000,0,834,3897,3897,3895.25,3895.75,1074,3895.79166666667,569,505,0.2454,2285954
20220718-161800.000,0,877,3896,3896,3894,3894,1154,3894.88886481802,647,507,0.2459,2285954
20220718-161900.000,0,1138,3894.25,3894.25,3892.75,3894,1556,3893.63110539846,805,751,0.2977,2285954
20220718-162000.000,0,669,3894,3894.75,3893.75,3894.5,857,3894.3430571762,399,458,0.2461,2285954
20220718-162100.000,0,973,3894.75,3894.75,3893.25,3894.5,1249,3894.06445156125,604,645,0.246,2285954
20220718-162200.000,0,662,3894.5,3895,3894.25,3894.5,1031,3894.63385063046,407,624,0.2462,2285954
20220718-162300.000,0,511,3894.75,3895.25,3894.5,3895,625,3894.9548,275,350,0.2462,2285954
20220718-162400.000,0,900,3895,3895.75,3894.5,3895.25,1205,3895.18921161826,602,603,0.2459,2285954
20220718-162500.000,0,874,3895.5,3895.5,3893.5,3893.5,1212,3894.14191419142,665,547,0.2467,2285954
20220718-162600.000,0,1230,3893.75,3894.25,3892.5,3893.75,1682,3893.31302021403,766,916,0.3027,2285954
20220718-162700.000,0,684,3893.75,3893.75,3892.5,3893,870,3893.06206896552,457,413,0.302,2285954
20220718-162800.000,0,703,3892.75,3893.75,3892.75,3893.5,1036,3893.27461389961,417,619,0.302,2285954
20220718-162900.000,0,1231,3893.25,3894,3892.5,3893,2158,3893.28533364226,1425,733,0.2473,2285954
20220718-163000.000,0,919,3893,3893.75,3892.5,3893.25,1372,3893.10750728863,636,736,0.2999,2285954
20220718-163100.000,0,922,3893.25,3894.25,3893.25,3894.25,1514,3893.64167767503,914,600,0.3118,2285954
20220718-163200.000,0,511,3894,3894.5,3893,3893.25,702,3893.91168091168,396,306,0.3022,2285954
20220718-163300.000,0,888,3893.5,3893.75,3892.5,3893.5,1295,3893.06254826255,752,543,0.2992,2285954
20220718-163400.000,0,686,3893.25,3893.5,3892.75,3892.75,1037,3893.11764705882,666,371,0.299,2285954
20220718-163500.000,0,1147,3892.75,3894,3892.75,3893.75,1732,3893.50779445728,1001,731,0.3017,2285954
20220718-163600.000,0,1068,3893.75,3894.75,3892.75,3894.75,1720,3893.83502906977,767,953,0.3014,2285954
20220718-163700.000,0,1057,3894.5,3895.25,3894.25,3894.75,1727,3894.75448755067,1003,724,0.2473,2285954
20220718-163800.000,0,604,3894.75,3895.25,3894.25,3894.5,757,3894.73381770145,339,418,0.2479,2285954
20220718-163900.000,0,486,3894.75,3895.25,3894.25,3894.75,607,3894.80024711697,285,322,0.2472,2285954
20220718-164000.000,0,582,3894.5,3895.25,3894.25,3895,796,3894.79616834171,416,380,0.247,2285954
20220718-164100.000,0,671,3895.25,3895.75,3894.5,3894.75,967,3895.19338159255,375,592,0.2469,2285954
20220718-164200.000,0,678,3894.75,3895.25,3893.75,3894.75,875,3894.48,364,511,0.2466,2285954
20220718-164300.000,0,1028,3894.5,3895.25,3894.25,3894.75,1472,3894.7511888587,609,863,0.2465,2285954
20220718-164400.000,0,626,3894.5,3895,3893.75,3893.75,889,3894.28768278965,408,481,0.2467,2285954
20220718-164500.000,0,906,3893.75,3894.25,3892.75,3892.75,1427,3893.43973370708,786,641,0.2468,2285954
20220718-164600.000,0,1069,3892.75,3893.5,3892,3892.75,1537,3892.61629798308,735,802,0.3123,2285954
20220718-164700.000,0,536,3892.75,3893,3892.5,3892.5,736,3892.67934782609,449,287,0.312,2285954
20220718-164800.000,0,635,3892.75,3893,3892,3892.25,930,3892.45698924731,532,398,0.3122,2285954
20220718-164900.000,0,1082,3892.25,3892.5,3890.75,3891.5,1538,3891.40263328999,878,660,0.3166,2285954
20220718-165000.000,0,1479,3891.5,3891.75,3889.5,3890.25,2055,3890.55559610706,1123,932,0.3194,2285954
20220718-165100.000,0,963,3890.5,3890.5,3889.5,3889.5,1339,3890.08924570575,608,731,0.2471,2285954
20220718-165200.000,0,1219,3889.5,3890,3888.5,3889,1852,3889.38093952484,1032,820,0.3146,2285954
20220718-165300.000,0,1016,3888.75,3889.5,3888,3888.25,1415,3888.9038869258,722,693,0.3146,2285954
20220718-165400.000,0,1165,3888.25,3888.75,3887.5,3887.5,1693,3888.03071470762,869,824,0.3151,2285954
20220718-165500.000,0,1765,3887.5,3887.75,3886.75,3887.25,2623,3887.14191765154,1401,1222,0.2486,2285954
20220718-165600.000,0,845,3887,3887.5,3886.75,3887,1360,3887.18694852941,779,581,0.2997,2285954
20220718-165700.000,0,1291,3887,3887,3885.75,3886.25,1878,3886.26916932907,1059,819,0.3109,2285954
20220718-165800.000,0,1770,3886.25,3886.25,3884.5,3885.5,2578,3885.25620636152,1452,1126,0.315,2285954
20220718-165900.000,0,1540,3885.25,3886.5,3885,3885.75,2206,3885.73447416138,988,1218,0.3198,2285954
20220718-170000.000,0,1525,3885.75,3887,3885.75,3886.25,2369,3886.278070916,1145,1224,0.3183,2285954
20220718-170100.000,0,1033,3886.25,3886.5,3885.5,3886.5,1539,3886.01705653021,698,841,0.3129,2285954
20220718-170200.000,0,874,3886.5,3886.75,3885.75,3886,1162,3886.22870051635,570,592,0.3185,2285954
20220718-170300.000,0,685,3885.75,3886.75,3885.75,3886.75,910,3886.33324175824,446,464,0.3167,2285954
20220718-170400.000,0,985,3886.5,3887.5,3886.5,3887.5,1373,3886.95538965768,625,748,0.3147,2285954
20220718-170500.000,0,845,3887.25,3887.75,3886.5,3887.25,1190,3887.14411764706,591,599,0.3133,2285954
20220718-170600.000,0,983,3887.25,3887.5,3885.75,3886.25,1309,3886.42761650115,691,618,0.3152,2285954
20220718-170700.000,0,561,3886.5,3886.75,3886,3886.5,724,3886.34392265193,340,384,0.32,2285954
20220718-170800.000,0,1004,3886.5,3887.75,3886,3887,1348,3887.16598664688,642,706,0.316,2285954
20220718-170900.000,0,702,3887.25,3887.25,3886.25,3886.5,979,3886.87640449438,510,469,0.3121,2285954
20220718-171000.000,0,1241,3886.5,3886.5,3884.5,3885.25,1662,3885.30174488568,974,688,0.3116,2285954
20220718-171100.000,0,1452,3885.25,3886,3884.25,3884.75,2192,3885.07892335766,1204,988,0.317,2285954
20220718-171200.000,0,988,3884.75,3886,3884.5,3885.75,1456,3885.4532967033,543,913,0.32,2285954
20220718-171300.000,0,682,3885.75,3886.5,3885.25,3886.25,936,3885.88007478633,394,542,0.3167,2285954
20220718-171400.000,0,744,3886.25,3887,3886,3886.25,980,3886.38010204082,458,522,0.3162,2285954
20220718-171500.000,0,796,3886.5,3886.75,3885.5,3885.75,1057,3885.98982970672,570,487,0.3135,2285954
20220718-171600.000,0,694,3885.75,3886,3884.75,3885,1039,3885.2406159769,528,511,0.3156,2285954
20220718-171700.000,0,821,3885,3885.25,3884.5,3885,1084,3884.7719095941,589,495,0.3195,2285954
20220718-171800.000,0,2457,3884.75,3884.75,3882.25,3883,3968,3883.43365675403,2875,1093,0.3193,2285954
20220718-171900.000,0,2169,3882.75,3883,3881,3881.25,4016,3881.92305776892,1746,2270,0.3155,2285954
20220718-172000.000,0,1865,3881,3882.5,3880.75,3881.25,3272,3881.6486094132,1597,1675,0.2906,2285954
20220718-172100.000,0,1444,3881.25,3882,3880.5,3881,2273,3881.20710514738,1189,1084,0.3175,2285954
20220718-172200.000,0,1808,3881,3881.25,3879.25,3880.75,2875,3880.13069565217,1536,1339,0.3231,2285954
20220718-172300.000,0,1116,3880.5,3881.5,3880.25,3881.25,1475,3880.94915254237,679,796,0.3215,2285954
20220718-172400.000,0,986,3881.25,3882.75,3881,3882.75,1301,3881.9665641814,549,752,0.3193,2285954
20220718-172500.000,0,1519,3882.75,3883.75,3882.25,3883.5,2134,3882.96649484536,1013,1121,0.288,2285954
20220718-172600.000,0,1420,3883.5,3885,3883.5,3884.5,1944,3884.39043209877,902,1042,0.2881,2285954
20220718-172700.000,0,1108,3884.5,3885.25,3883.75,3883.75,1599,3884.63711694809,769,830,0.2479,2285954
20220718-172800.000,0,800,3883.75,3885.25,3883.75,3884.75,1150,3884.41,535,615,0.2479,2285954
20220718-172900.000,0,662,3884.75,3885.25,3884.5,3885.25,878,3884.97807517084,350,528,0.2482,2285954
20220718-173000.000,0,2691,3885,3885.75,3882,3883,4378,3883.41679990863,2167,2211,0.2481,2285954
20220718-173100.000,0,2036,3882.75,3883.25,3880.25,3880.75,2856,3882.11966036415,1622,1234,0.3161,2285954
20220718-173200.000,0,3656,3880.75,3881.25,3878.75,3880.5,5592,3879.44045064378,3102,2490,0.2494,2285954
20220718-173300.000,0,3020,3880.5,3880.5,3878.75,3879,5390,3879.03566790353,3935,1455,0.2504,2285954
20220718-173400.000,0,4155,3879,3879.5,3876.5,3876.5,6684,3878.02917414722,4126,2558,0.2939,2285954
20220718-173500.000,0,2981,3876.5,3878.5,3875.75,3877.5,4354,3876.82200275609,2134,2220,0.3215,2285954
20220718-173600.000,0,1434,3877.25,3877.75,3876.75,3877,1938,3877.1955624355,1051,887,0.3178,2285954
20220718-173700.000,0,2408,3876.75,3876.75,3874,3875,3667,3875.29956367603,2195,1472,0.321,2285954
20220718-173800.000,0,2809,3874.75,3875,3872.5,3873,4081,3873.38795638324,2153,1928,0.3177,2285954
20220718-173900.000,0,2135,3873,3875.25,3872,3874.75,2900,3873.41560344828,1506,1394,0.3267,2285954
20220718-174000.000,0,3272,3874.75,3876.25,3873.5,3875,4998,3875.14425770308,2383,2615,0.3267,2285954
20220718-174100.000,0,1826,3875,3876.25,3874,3874.25,3050,3875.22893442623,1348,1702,0.2509,2285954
20220718-174200.000,0,1799,3874,3874.25,3872.5,3874,2673,3873.40665918444,1226,1447,0.2511,2285954
20220718-174300.000,0,1190,3874,3874,3873,3873.25,1941,3873.47642967543,1031,910,0.3198,2285954
20220718-174400.000,0,1804,3873.25,3873.75,3872.25,3873.25,3195,3873.00985915493,1770,1425,0.3222,2285954
20220718-174500.000,0,2836,3873.25,3875.25,3871.75,3874,4290,3873.81317016317,2318,1972,0.3204,2285954
20220718-174600.000,0,1701,3874.25,3875.25,3872.25,3872.5,2451,3873.96348429213,1268,1183,0.3204,2285954
20220718-174700.000,0,2471,3872.5,3872.5,3870.25,3870.75,3423,3871.39994157172,1964,1459,0.3297,2285954
20220718-174800.000,0,2657,3870.75,3870.75,3868.75,3869,3968,3869.86460433468,2252,1716,0.3252,2285954
20220718-174900.000,0,2251,3869,3870,3867.5,3868.25,2970,3868.52171717172,1638,1332,0.3255,2285954
20220718-175000.000,0,2464,3868,3870.75,3867.75,3870,3555,3869.48579465542,1623,1932,0.3259,2285954
20220718-175100.000,0,1797,3870,3871.5,3868.75,3871.5,2479,3870.25090762404,1175,1304,0.328,2285954
20220718-175200.000,0,1654,3871.5,3871.5,3869.25,3870.5,2308,3870.76115684575,1276,1032,0.2513,2285954
20220718-175300.000,0,1425,3870.25,3871.25,3870,3871,2099,3870.71641257742,1159,940,0.252,2285954
20220718-175400.000,0,1422,3871.25,3871.5,3869.75,3870.25,1834,3870.50245365322,1057,777,0.3199,2285954
20220718-175500.000,0,4358,3870.25,3870.5,3864.5,3864.5,6338,3867.38229725465,3774,2564,0.3242,2285954
20220718-175600.000,0,4767,3864.75,3865.25,3860,3860.75,6638,3862.63844531485,3326,3312,0.332,2285954
20220718-175700.000,0,3418,3860.5,3861.25,3858.25,3858.5,4909,3860.02627826441,2608,2301,0.3072,2285954
20220718-175800.000,0,3427,3858.5,3859.75,3857.5,3858.25,4865,3858.42774922919,2424,2441,0.3072,2285954
20220718-175900.000,0,3434,3858.25,3860.5,3858.25,3859.25,4826,3859.53040820555,2253,2573,0.2707,2285954
20220718-180000.000,0,3311,3859.25,3861.25,3858.5,3860.75,4570,3860.1102297593,2210,2360,0.2707,2285954
20220718-180100.000,0,3273,3860.5,3861.25,3857.5,3858,5173,3859.90687222115,3054,2119,0.2547,2285954
20220718-180200.000,0,2993,3857.75,3860.5,3857,3859.75,4404,3858.59054268847,1963,2441,0.2547,2285954
20220718-180300.000,0,1851,3859.5,3859.75,3856.5,3856.75,2525,3857.92633663366,1484,1041,0.255,2285954
20220718-180400.000,0,2652,3856.75,3859.75,3856,3859.5,3814,3858.20804929208,1789,2025,0.304,2285954
20220718-180500.000,0,2110,3859.25,3860.5,3857.75,3858,2899,3859.20420834771,1473,1426,0.2552,2285954
20220718-180600.000,0,1897,3858,3860.25,3857.75,3857.75,2553,3858.96239717979,1303,1250,0.2552,2285954
20220718-180700.000,0,1455,3857.5,3859.75,3857.25,3859.25,2026,3858.5982230997,961,1065,0.2551,2285954
20220718-180800.000,0,1331,3859.25,3860,3858.5,3859,1631,3859.35438381361,749,882,0.2549,2285954
20220718-180900.000,0,1542,3859.25,3859.75,3858.25,3858.25,2035,3859.0386977887,969,1066,0.2552,2285954
20220718-181000.000,0,1588,3858.25,3859.25,3856.5,3856.75,2286,3857.86176727909,1134,1152,0.2554,2285954
20220718-181100.000,0,1554,3856.75,3858.5,3856.5,3858.5,2115,3857.28687943262,903,1212,0.3069,2285954
20220718-181200.000,0,1875,3858.25,3860,3857.5,3859.5,2695,3858.71020408163,1201,1494,0.3069,2285954
20220718-181300.000,0,1858,3859.5,3861.25,3859.25,3861,2482,3860.18432715552,1030,1452,0.2557,2285954
20220718-181400.000,0,1371,3860.75,3861,3859.25,3861,1775,3860.14661971831,815,960,0.2552,2285954
20220718-181500.000,0,2535,3860.75,3863,3859.75,3862.5,3609,3861.63909670269,1654,1955,0.2549,2285954
20220718-181600.000,0,1903,3862.5,3863.75,3862.25,3863.25,2999,3863.05543514505,1667,1332,0.2542,2285954
20220718-181700.000,0,1390,3863.25,3864,3862.75,3863.5,1966,3863.44086978637,955,1011,0.2535,2285954
20220718-181800.000,0,1603,3863.25,3864.5,3863,3863.75,2294,3863.62358326068,1212,1082,0.2533,2285954
20220718-181900.000,0,1448,3863.75,3864.5,3863,3864,2247,3863.80885625278,1042,1205,0.2534,2285954
20220718-182000.000,0,1622,3863.75,3865.5,3863.25,3864.5,2981,3864.4885944314,1251,1730,0.2534,2285954
20220718-182100.000,0,1902,3864.25,3865,3861.5,3862.75,2808,3862.99314458689,1520,1288,0.2533,2285954
20220718-182200.000,0,1168,3862.75,3863,3861,3861.25,1578,3862.19914448669,833,745,0.2538,2285954
20220718-182300.000,0,1241,3861.25,3861.75,3860.25,3860.5,1747,3861.01717229536,921,826,0.3115,2285954
20220718-182400.000,0,1400,3860.75,3861.75,3859.25,3859.5,2009,3860.54106520657,1085,924,0.2923,2285954
20220718-182500.000,0,2256,3859.5,3860.5,3857,3858.25,3134,3858.75143586471,1699,1435,0.2985,2285954
20220718-182600.000,0,3776,3858,3858.25,3853.75,3855.25,5759,3855.4851102622,3313,2446,0.3256,2285954
20220718-182700.000,0,2393,3855.25,3857.5,3854,3857.25,3196,3855.70525657071,1361,1835,0.3025,2285954
20220718-182800.000,0,1490,3857.25,3858,3856,3856.25,2008,3856.92330677291,1043,965,0.3047,2285954
20220718-182900.000,0,2556,3856,3856.5,3853.25,3854,3613,3854.5467755328,1992,1621,0.2563,2285954
20220718-183000.000,0,2021,3854,3855.5,3853.25,3855,2740,3854.30027372263,1522,1218,0.3242,2285954
20220718-183100.000,0,1870,3854.75,3856.5,3854,3855.5,2565,3855.14249512671,1235,1330,0.3211,2285954
20220718-183200.000,0,1692,3855.5,3855.75,3853.5,3854,2460,3854.47093495935,1267,1193,0.3207,2285954
20220718-183300.000,0,2012,3853.75,3855.75,3853.25,3853.5,2672,3854.34721182635,1405,1267,0.2562,2285954
20220718-183400.000,0,2141,3853.5,3857.5,3853.5,3857,2918,3855.71453050034,1196,1722,0.256,2285954
20220718-183500.000,0,1713,3856.75,3857.5,3855.5,3856.5,2258,3856.74402125775,1118,1140,0.2546,2285954
20220718-183600.000,0,1617,3856.75,3858.5,3856.5,3858.25,2097,3857.62398664759,924,1173,0.2546,2285954
20220718-183700.000,0,2353,3858,3861.5,3857.5,3860.25,3520,3859.77272727273,1599,1921,0.2544,2285954
20220718-183800.000,0,1671,3860,3862,3860,3861,2442,3860.86363636364,1023,1419,0.2538,2285954
20220718-183900.000,0,1673,3861,3861,3858.75,3859.25,2238,3859.63650580876,1182,1056,0.2531,2285954
20220718-184000.000,0,2399,3859.25,3859.75,3856.25,3856.5,3138,3857.68315806246,1789,1349,0.3048,2285954
20220718-184100.000,0,1770,3856.25,3857.5,3855.5,3856.5,2350,3856.40680851064,1203,1147,0.3093,2285954
20220718-184200.000,0,1785,3856.25,3857.5,3854.5,3854.75,2342,3855.66695132366,1207,1135,0.306,2285954
20220718-184300.000,0,2997,3854.75,3855.5,3851.5,3851.5,4370,3853.31693363844,2690,1680,0.309,2285954
20220718-184400.000,0,3241,3851.5,3852.75,3850.25,3851.25,4560,3851.45427631579,2472,2088,0.2563,2285954
20220718-184500.000,0,1904,3851.25,3852.75,3850.5,3852.25,2446,3851.55355682747,1146,1300,0.2819,2285954
20220718-184600.000,0,2297,3852.25,3852.5,3849.25,3850.25,3462,3850.60181975737,2252,1210,0.2561,2285954
20220718-184700.000,0,2965,3850.5,3853.5,3849.5,3853,4009,3851.43071838364,1959,2050,0.3136,2285954
20220718-184800.000,0,1696,3852.75,3853.25,3850.75,3851.5,2127,3851.70827456512,1076,1051,0.312,2285954
20220718-184900.000,0,1416,3851.5,3852.75,3850.75,3852.25,2041,3851.8984566389,1153,888,0.3104,2285954
20220718-185000.000,0,3669,3852.25,3852.75,3849.25,3849.25,7155,3850.21226415094,4823,2332,0.3114,2285954
20220718-185100.000,0,5034,3849.25,3850.5,3847.75,3849.5,8156,3849.23776974007,4668,3488,0.2561,2285954
20220718-185200.000,0,2596,3849.25,3849.5,3846.75,3846.75,3573,3848.02127064092,2096,1477,0.2561,2285954
20220718-185300.000,0,3696,3846.75,3847.75,3844.5,3847.25,5128,3845.84662636506,2646,2482,0.3149,2285954
20220718-185400.000,0,1888,3847,3848.25,3846.5,3848,2457,3847.28286528287,1197,1260,0.3149,2285954
20220718-185500.000,0,2096,3848,3848.25,3844.5,3845.25,2925,3846.13948717949,1535,1390,0.257,2285954
20220718-185600.000,0,1763,3845.25,3845.75,3843.75,3844,2693,3844.6742480505,1299,1394,0.3167,2285954
20220718-185700.000,0,3112,3843.75,3847.75,3843.75,3846.5,4425,3846.09175141243,1893,2532,0.3181,2285954
20220718-185800.000,0,1529,3846.5,3847.5,3845.25,3845.25,1901,3846.17096265124,1082,819,0.2946,2285954
20220718-185900.000,0,1823,3845,3845.75,3844,3845.25,2401,3844.91576426489,1259,1142,0.3078,2285954
20220718-190000.000,0,2136,3845.25,3847.5,3844,3847.25,2790,3845.85663082437,1245,1545,0.3038,2285954
20220718-190100.000,0,1842,3847.25,3848,3845.5,3847.75,2248,3846.85776245552,1181,1067,0.3225,2285954
20220718-190200.000,0,1709,3847.75,3848,3846,3846.5,2344,3847.01471843003,1245,1099,0.3158,2285954
20220718-190300.000,0,2304,3846.5,3847,3843.25,3843.5,3030,3844.86823432343,1663,1367,0.3173,2285954
20220718-190400.000,0,3089,3843.25,3846.25,3843.25,3845.75,4099,3845.11039277873,2078,2021,0.2562,2285954
20220718-190500.000,0,3111,3845.75,3848.75,3845.75,3848.75,3886,3847.52219505919,1604,2282,0.2557,2285954
20220718-190600.000,0,2164,3848.5,3850,3847.75,3848.25,2966,3848.88772757923,1360,1606,0.255,2285954
20220718-190700.000,0,1594,3848.25,3850.25,3848,3850,2124,3849.11005178908,932,1192,0.255,2285954
20220718-190800.000,0,2553,3850,3852.25,3849.5,3851.5,3827,3850.84544029266,1583,2244,0.2548,2285954
20220718-190900.000,0,2844,3851.75,3852,3850.75,3851.25,4144,3851.22671332046,1995,2149,0.2543,2285954
20220718-191000.000,0,2004,3851.25,3851.75,3848.75,3848.75,2644,3850.12017776097,1513,1131,0.2542,2285954
20220718-191100.000,0,1732,3848.75,3849.5,3847.25,3847.5,2198,3848.20302547771,1263,935,0.3176,2285954
20220718-191200.000,0,2229,3847.25,3848,3845.75,3847.25,2947,3846.9333220224,1546,1401,0.2548,2285954
20220718-191300.000,0,1515,3847.25,3848.5,3845.75,3846.25,2087,3847.21382367034,1105,982,0.2551,2285954
20220718-191400.000,0,2076,3846.25,3850.5,3845.25,3849,2750,3848.51281818182,1308,1442,0.2556,2285954
20220718-191500.000,0,2015,3849,3852.5,3848.75,3852.25,3027,3850.8060786257,1435,1592,0.2545,2285954
20220718-191600.000,0,1825,3852.25,3852.5,3849.75,3851.25,2428,3850.94182454695,1286,1142,0.2538,2285954
20220718-191700.000,0,1440,3851.25,3851.5,3848.75,3849,2040,3849.80428921569,1104,936,0.2536,2285954
20220718-191800.000,0,1594,3849,3851.75,3848.75,3851.25,2502,3850.59402478018,1279,1223,0.3101,2285954
20220718-191900.000,0,1790,3851.25,3853.25,3851.25,3852.5,2476,3852.138226979,1193,1283,0.2536,2285954
20220718-192000.000,0,1587,3852.5,3853.25,3851.5,3851.75,2145,3852.52727272727,1127,1018,0.2536,2285954
20220718-192100.000,0,1661,3851.75,3853.75,3851.75,3853,2225,3852.96516853933,1062,1163,0.253,2285954
20220718-192200.000,0,1388,3852.75,3853,3851.25,3852,1735,3852.06109510086,949,786,0.253,2285954
20220718-192300.000,0,1666,3851.75,3852,3850,3850.25,2187,3850.67672610883,1211,976,0.2532,2285954
20220718-192400.000,0,1788,3850.25,3850.75,3848,3849,2296,3849.13893728223,1221,1075,0.2532,2285954
20220718-192500.000,0,1566,3849.25,3850,3848.25,3848.75,2152,3849.23919609665,1114,1038,0.3113,2285954
20220718-192600.000,0,3284,3848.5,3849,3844.75,3844.75,4388,3846.95732680036,2590,1798,0.3101,2285954
20220718-192700.000,0,2784,3844.75,3845.75,3843,3844.75,3705,3844.64014844804,1886,1819,0.3069,2285954
20220718-192800.000,0,2778,3844.75,3845.5,3841.75,3842.5,3823,3843.74058331154,2253,1570,0.2548,2285954
20220718-192900.000,0,2945,3842.5,3843.75,3840.5,3841,4129,3842.35819811092,2342,1787,0.3054,2285954
20220718-193000.000,0,4593,3841.25,3841.5,3838,3839.25,6709,3839.21124608735,3807,2902,0.3187,2285954
20220718-193100.000,0,2713,3839,3840.75,3837.75,3838.75,3867,3839.00213343677,2126,1741,0.3496,2285954
20220718-193200.000,0,2149,3838.5,3839,3836.75,3837,2929,3837.93974052578,1437,1492,0.2572,2285954
20220718-193300.000,0,2757,3837,3837.25,3835,3835,4009,3836.21588924919,2128,1881,0.2693,2285954
20220718-193400.000,0,3066,3835,3836.75,3834,3836,4890,3835.70797546012,2509,2381,0.3199,2285954
20220718-193500.000,0,2985,3835.75,3838.25,3835.25,3835.5,4128,3836.4480377907,2198,1930,0.2801,2285954
20220718-193600.000,0,3168,3835.25,3835.5,3832.5,3832.75,4395,3833.7893629124,2494,1901,0.3526,2285954
20220718-193700.000,0,3064,3832.5,3833.5,3831.75,3832.25,4666,3832.53343334762,2466,2200,0.3569,2285954
20220718-193800.000,0,4355,3832.25,3832.5,3828,3828.25,7208,3830.07300915649,3897,3311,0.2589,2285954
20220718-193900.000,0,2845,3828.25,3830.25,3828,3829.5,4298,3829.32171940437,1997,2301,0.2598,2285954
20220718-194000.000,0,2816,3829.25,3831.75,3828.75,3831.5,3951,3829.93134649456,1781,2170,0.284,2285954
20220718-194100.000,0,2657,3831.5,3832,3829.75,3829.75,3605,3830.94424410541,1878,1727,0.2588,2285954
20220718-194200.000,0,2956,3829.75,3831.25,3827.25,3828,3874,3828.89319824471,2243,1631,0.2597,2285954
20220718-194300.000,0,2781,3828.25,3830.75,3827.25,3830.5,4025,3828.63068322981,1895,2130,0.3238,2285954
20220718-194400.000,0,2399,3830.5,3831.5,3828.75,3828.75,3461,3830.25195030338,1777,1684,0.3229,2285954
20220718-194500.000,0,4879,3828.5,3828.75,3825,3825.25,7434,3826.30158730159,4391,3043,0.3176,2285954
20220718-194600.000,0,5179,3825.25,3825.75,3823,3823.5,8817,3824.63017466258,5566,3251,0.3036,2285954
20220718-194700.000,0,3400,3823.5,3825.75,3822.25,3825.75,5035,3823.58058589871,2425,2610,0.2917,2285954
20220718-194800.000,0,2938,3825.5,3825.5,3822.5,3823.75,3863,3823.79148330313,1989,1874,0.2917,2285954
20220718-194900.000,0,2219,3823.75,3824.5,3821.5,3822,3178,3822.57976714915,1772,1406,0.3208,2285954
20220718-195000.000,0,7584,3822.25,3828.5,3820.25,3827.75,10247,3825.54193910413,4799,5448,0.2892,2285954
20220718-195100.000,0,3504,3828,3829,3826.5,3827.25,4832,3827.45084850993,2417,2415,0.2592,2285954
20220718-195200.000,0,3606,3827.25,3830.5,3827.25,3829.25,5068,3829.16826164167,2567,2501,0.2587,2285954
20220718-195300.000,0,4230,3829,3831.25,3827.25,3830.75,6039,3828.90623447591,2852,3187,0.2579,2285954
20220718-195400.000,0,5381,3830.75,3833.75,3830.5,3833.25,7656,3832.26204937304,3513,4143,0.2576,2285954
20220718-195500.000,0,5062,3833,3833.25,3830,3832,7152,3831.66254194631,3823,3329,0.2563,2285954
20220718-195600.000,0,2933,3832,3834.5,3831.75,3834.25,4212,3833.18892450142,1974,2238,0.2564,2285954
20220718-195700.000,0,3669,3834,3834.5,3832.5,3833.25,5409,3833.5216768349,2860,2549,0.2557,2285954
20220718-195800.000,0,3372,3833.25,3834.5,3832.25,3833,5649,3833.38458134183,3158,2491,0.2554,2285954
20220718-195900.000,0,13339,3832.75,3836.75,3831.25,3834,40715,3833.88854230628,20142,20573,0.2552,2285954
20220718-200000.000,0,6247,3834.25,3838.75,3833.75,3836.5,13901,3836.33204445723,6572,7329,0.2541,2285954
20220718-200100.000,0,1675,3836.5,3837.25,3835.5,3836.25,3329,3836.33944127366,1597,1732,0.2547,2285954
20220718-200200.000,0,1090,3836,3836.25,3833.5,3833.5,2324,3834.76861015491,1479,845,0.2552,2285954
20220718-200300.000,0,1437,3833.75,3834,3832.25,3833.25,2706,3833.24011456024,1337,1369,0.3191,2285954
20220718-200400.000,0,884,3833.5,3833.5,3832,3833.25,1849,3832.8069226609,1022,827,0.3199,2285954
20220718-200500.000,0,1018,3833.5,3835.5,3833.5,3835.25,1927,3834.4427867151,907,1020,0.3201,2285954
20220718-200600.000,0,702,3835.5,3836.25,3834.5,3836,1271,3835.24704956727,630,641,0.3178,2285954
20220718-200700.000,0,483,3835.75,3836.25,3835.25,3836.25,830,3835.78373493976,453,377,0.2562,2285954
20220718-200800.000,0,1244,3836.25,3838,3835.5,3836.5,2322,3836.69638242894,1117,1205,0.2559,2285954
20220718-200900.000,0,972,3836.5,3837.5,3836,3837,1885,3836.86087533157,936,949,0.2844,2285954
20220718-201000.000,0,764,3837.25,3838.5,3836.5,3838,1565,3837.49664536741,790,775,0.2552,2285954
20220718-201100.000,0,572,3838,3838.5,3836.75,3837,1132,3837.61550353357,638,494,0.2549,2285954
20220718-201200.000,0,733,3837.25,3838.5,3836.75,3838,1280,3837.677734375,555,725,0.255,2285954
20220718-201300.000,0,797,3837.75,3839,3836.5,3837.75,1831,3837.94743309667,971,860,0.2546,2285954
20220718-201400.000,0,530,3837.75,3838.25,3837,3837.5,1287,3837.6857031857,658,629,0.2549,2285954
20220718-201500.000,0,331,3837.5,3837.75,3836.5,3836.75,790,3837.32405063291,487,303,0.2549,2285954
20220718-201600.000,0,248,3836.75,3838.25,3836.75,3838,386,3837.646373057,159,227,0.2549,2285954
20220718-201700.000,0,158,3838,3838.25,3837.25,3838.25,228,3837.79934210526,81,147,0.2549,2285954
20220718-201800.000,0,207,3838,3838.25,3837.75,3838,365,3837.96232876712,195,170,0.2549,2285954
20220718-201900.000,0,248,3837.75,3838.5,3837.5,3838,446,3838.02298206278,136,310,0.2549,2285954
20220718-202000.000,0,231,3838.25,3839.25,3837.75,3839.25,364,3838.68887362637,89,275,0.2548,2285954
20220718-202100.000,0,145,3839,3839.25,3838,3838.5,221,3838.50452488688,134,87,0.2549,2285954
20220718-202200.000,0,100,3838.25,3838.75,3838.25,3838.5,151,3838.6440397351,54,97,0.2549,2285954
20220718-202300.000,0,206,3838.5,3839,3837.75,3837.75,265,3838.12641509434,152,113,0.2549,2285954
20220718-202400.000,0,226,3838,3838.75,3837.5,3838.25,391,3838.14194373402,171,220,0.2549,2285954
20220718-202500.000,0,138,3838.25,3838.5,3837.5,3837.75,180,3837.93472222222,91,89,0.2549,2285954
20220718-202600.000,0,196,3838,3838.75,3837.75,3838,247,3838.30060728745,132,115,0.2549,2285954
20220718-202700.000,0,151,3838.25,3838.25,3837.5,3837.75,226,3837.875,158,68,0.2549,2285954
20220718-202800.000,0,73,3837.75,3838,3837.5,3837.75,130,3837.71346153846,73,57,0.2549,2285954
20220718-202900.000,0,63,3837.5,3838,3837.5,3838,84,3837.75,36,48,0.2549,2285954
20220718-203000.000,0,53,3838,3838,3837.5,3837.5,62,3837.86290322581,33,29,0.2549,2285954
20220718-203100.000,0,145,3837.5,3838,3837.5,3837.5,208,3837.63822115385,90,118,0.2562,2285954
20220718-203200.000,0,63,3837.5,3837.75,3837.5,3837.75,81,3837.71604938272,38,43,0.2562,2285954
20220718-203300.000,0,227,3837.75,3838,3837.25,3837.75,284,3837.66197183099,101,183,0.2562,2285954
20220718-203400.000,0,137,3838,3838,3837.5,3838,163,3837.82055214724,88,75,0.2562,2285954
20220718-203500.000,0,68,3838,3838.5,3838,3838.25,119,3838.2268907563,73,46,0.255,2285954
20220718-203600.000,0,86,3838.25,3839,3838.25,3838.25,142,3838.49823943662,76,66,0.255,2285954
20220718-203700.000,0,149,3838.25,3838.25,3837.5,3838,195,3837.94102564103,80,115,0.255,2285954
20220718-203800.000,0,41,3838,3838.5,3837.75,3838.25,47,3838.1170212766,24,23,0.255,2285954
20220718-203900.000,0,76,3838,3838,3837.75,3838,92,3837.89402173913,53,39,0.2567,2285954
20220718-204000.000,0,183,3838,3838.5,3837.5,3838.25,230,3837.98369565217,93,137,0.2567,2285954
20220718-204100.000,0,79,3838,3838.5,3838,3838,84,3838.17261904762,49,35,0.2564,2285954
20220718-204200.000,0,70,3838.25,3838.25,3837.75,3837.75,84,3838,49,35,0.4009,2285954
20220718-204300.000,0,54,3838,3838,3837.25,3837.5,64,3837.578125,34,30,0.4009,2285954
20220718-204400.000,0,92,3837.5,3838,3837.5,3837.75,112,3837.63839285714,47,65,0.2571,2285954
20220718-204500.000,0,62,3837.5,3837.75,3837,3837.5,103,3837.48300970874,60,43,0.2571,2285954
20220718-204600.000,0,48,3837.5,3837.5,3837,3837.25,58,3837.25431034483,27,31,0.4071,2285954
20220718-204700.000,0,53,3837.5,3837.75,3837.5,3837.75,71,3837.52816901408,27,44,0.4071,2285954
20220718-204800.000,0,70,3837.5,3837.75,3837.25,3837.5,108,3837.52777777778,49,59,0.4081,2285954
20220718-204900.000,0,158,3837.75,3837.75,3836.75,3837,198,3837.2803030303,134,64,0.4105,2285954
20220718-205000.000,0,78,3837.25,3837.5,3837.25,3837.5,101,3837.34900990099,22,79,0.4105,2285954
20220718-205100.000,0,177,3837.5,3837.5,3837,3837,246,3837.24288617886,139,107,0.4112,2285954
20220718-205200.000,0,77,3837.25,3837.75,3837,3837.75,91,3837.52472527473,24,67,0.412,2285954
20220718-205300.000,0,107,3837.5,3838,3837.25,3837.75,165,3837.77575757576,63,102,0.4124,2285954
20220718-205400.000,0,145,3838,3838.75,3837.75,3838.5,191,3838.15706806283,57,134,0.4132,2285954
20220718-205500.000,0,152,3838.5,3839,3838.5,3838.5,214,3838.67757009346,111,103,0.4133,2285954
20220718-205600.000,0,132,3838.75,3839,3837.75,3838.25,184,3838.14945652174,141,43,0.2561,2285954
20220718-205700.000,0,103,3838.25,3838.5,3837.5,3837.5,142,3837.85915492958,101,41,0.413,2285954
20220718-205800.000,0,95,3837.5,3838.25,3837.5,3838.25,241,3837.6856846473,64,177,0.4132,2285954
20220718-205900.000,0,152,3838.25,3838.75,3838,3838.25,249,3838.32831325301,132,117,0.4132,2285954
20220718-220000.000,0,395,3838.5,3839.25,3836.25,3837.25,639,3837.74921752739,226,227,0.2562,2285954
20220718-220100.000,0,144,3837.75,3838,3837,3838,203,3837.51724137931,120,83,0.3402,2285954
20220718-220200.000,0,37,3837.75,3837.75,3836.5,3836.75,48,3837.125,26,22,0.3407,2285954
20220718-220300.000,0,133,3836.5,3836.75,3835.25,3836.25,188,3836.14361702128,119,69,0.3414,2285954
20220718-220400.000,0,50,3836.5,3836.75,3836.25,3836.25,59,3836.47457627119,16,43,0.3418,2285954
20220718-220500.000,0,80,3836.5,3836.5,3835.25,3835.75,104,3835.79567307692,71,33,0.2568,2285954
20220718-220600.000,0,63,3835.5,3836.25,3835.5,3836.25,79,3835.91139240506,27,52,0.3403,2285954
20220718-220700.000,0,36,3836.5,3836.5,3835.75,3836.25,59,3836.07203389831,47,12,0.3403,2285954
20220718-220800.000,0,11,3836,3836,3835.75,3836,12,3835.95833333333,5,7,0.3321,2285954
20220718-220900.000,0,16,3835.75,3836.5,3835.75,3836.25,21,3836.17857142857,4,17,0.3366,2285954
20220718-221000.000,0,111,3836.5,3837.5,3836.5,3836.75,149,3837.03355704698,29,120,0.3108,2285954
20220718-221100.000,0,26,3837,3837.75,3837,3837.75,28,3837.4375,5,23,0.3219,2285954
20220718-221200.000,0,154,3837.5,3838.5,3837,3837.25,169,3837.74112426036,63,106,0.2776,2285954
20220718-221300.000,0,53,3837.25,3837.25,3836.5,3836.75,60,3836.71666666667,33,27,0.2752,2285954
20220718-221400.000,0,62,3836.75,3836.75,3836,3836.25,72,3836.30902777778,45,27,0.3417,2285954
20220718-221500.000,0,39,3836.25,3836.25,3835.75,3835.75,39,3835.95512820513,20,19,0.3434,2285954
20220718-221600.000,0,60,3836,3836,3835.5,3835.75,72,3835.81944444444,22,50,0.3456,2285954
20220718-221700.000,0,131,3835.5,3835.5,3834.75,3834.75,176,3835.09517045455,153,23,0.2567,2285954
20220718-221800.000,0,183,3835,3835.75,3834,3835.75,215,3834.87674418605,139,76,0.3471,2285954
20220718-221900.000,0,123,3836,3837.25,3835.5,3837,154,3836.64935064935,52,102,0.3459,2285954
20220718-222000.000,0,334,3837,3839,3836.75,3838.75,422,3837.9644549763,174,248,0.3469,2285954
20220718-222100.000,0,56,3838.75,3839,3838.25,3838.25,58,3838.58620689655,25,33,0.2573,2285954
20220718-222200.000,0,35,3838.5,3838.5,3838,3838,39,3838.20512820513,28,11,0.3503,2285954
20220718-222300.000,0,188,3838,3839.5,3838,3838.25,223,3838.78923766816,94,129,0.3519,2285954
20220718-222400.000,0,109,3838.5,3838.75,3837.5,3838.5,133,3838.20112781955,60,73,0.348,2285954
20220718-222500.000,0,55,3838.25,3838.5,3838,3838,58,3838.34482758621,42,16,0.3516,2285954
20220718-222600.000,0,86,3838.25,3838.5,3837.5,3837.75,96,3837.92708333333,65,31,0.3431,2285954
20220718-222700.000,0,23,3837.5,3837.75,3837.25,3837.5,30,3837.475,22,8,0.3537,2285954
20220718-222800.000,0,39,3837.75,3838,3837.5,3837.75,52,3837.86057692308,14,38,0.2577,2285954
20220718-222900.000,0,15,3837.5,3837.75,3837.5,3837.75,16,3837.65625,11,5,0.2931,2285954
20220718-223000.000,0,41,3837.75,3838,3837.75,3837.75,50,3837.885,15,35,0.2568,2285954
20220718-223100.000,0,63,3838,3838,3837.5,3837.75,80,3837.896875,20,60,0.2567,2285954
20220718-223200.000,0,52,3837.5,3837.75,3837,3837,54,3837.34259259259,39,15,0.3251,2285954
20220718-223300.000,0,19,3837.25,3837.5,3837,3837.5,19,3837.21052631579,6,13,0.2564,2285954
20220718-223400.000,0,14,3837.5,3837.75,3837.5,3837.5,17,3837.57352941177,2,15,0.2816,2285954
20220718-223500.000,0,214,3837.75,3839.5,3837.75,3839,234,3838.70512820513,83,151,0.2969,2285954
20220718-223600.000,0,64,3839.25,3839.5,3839,3839.5,67,3839.25746268657,30,37,0.3465,2285954
20220718-223700.000,0,369,3839.5,3841.5,3839,3841,464,3840.27801724138,129,335,0.3431,2285954
20220718-223800.000,0,271,3840.75,3841.5,3840,3841,349,3840.70343839542,164,185,0.2584,2285954
20220718-223900.000,0,41,3840.75,3841.25,3840.5,3840.75,44,3840.93181818182,22,22,0.2575,2285954
20220718-224000.000,0,34,3840.75,3841.25,3840.75,3841.25,36,3840.95833333333,10,26,0.2576,2285954
20220718-224100.000,0,56,3841,3841.25,3840.75,3840.75,62,3840.87903225806,52,10,0.2576,2285954
20220718-224200.000,0,36,3840.75,3841.25,3840.75,3841.25,41,3840.86585365854,22,19,0.2578,2285954
20220718-224300.000,0,70,3841.25,3841.25,3840.5,3840.75,85,3840.69117647059,55,30,0.2576,2285954
20220718-224400.000,0,76,3840.75,3841,3840.25,3841,81,3840.59567901235,40,41,0.2579,2285954
20220718-224500.000,0,72,3841.25,3841.5,3840.25,3840.25,98,3841.04336734694,48,50,0.2566,2285954
20220718-224600.000,0,42,3840.25,3841,3840.25,3841,44,3840.58522727273,16,28,0.2567,2285954
20220718-224700.000,0,153,3841,3841,3839.75,3839.75,231,3840.16233766234,115,116,0.2565,2285954
20220718-224800.000,0,50,3839.75,3840.25,3839.75,3839.75,55,3839.91818181818,19,36,0.3537,2285954
20220718-224900.000,0,46,3839.75,3840.5,3839.75,3840.5,53,3840.07075471698,10,43,0.2908,2285954
20220718-225000.000,0,23,3840.5,3840.75,3840,3840.25,26,3840.38461538462,18,8,0.3582,2285954
20220718-225100.000,0,40,3840.25,3841,3840,3840.75,41,3840.53658536585,9,32,0.2786,2285954
20220718-225200.000,0,23,3840.75,3840.75,3840.5,3840.5,42,3840.61904761905,36,6,0.3548,2285954
20220718-225300.000,0,17,3840.75,3840.75,3840,3840.25,21,3840.36904761905,11,10,0.3595,2285954
20220718-225400.000,0,16,3840.25,3840.5,3840.25,3840.25,16,3840.28125,9,7,0.3231,2285954
20220718-225500.000,0,9,3840.25,3840.5,3840.25,3840.25,11,3840.36363636364,5,6,0.339,2285954
20220718-225600.000,0,25,3840.25,3840.5,3840,3840,41,3840.09146341463,32,9,0.3619,2285954
20220718-225700.000,0,18,3839.75,3840,3839.75,3840,19,3839.92105263158,9,10,0.3245,2285954
20220718-225800.000,0,76,3839.75,3840,3839,3839.5,87,3839.45977011494,58,29,0.3245,2285954
20220718-225900.000,0,33,3839,3839.75,3839,3839.5,36,3839.4375,23,13,0.2803,2285954
20220718-230000.000,0,53,3839.5,3840,3839.25,3839.75,54,3839.63888888889,13,41,0.2695,2285954
20220718-230100.000,0,6,3840,3840,3839.75,3840,6,3839.95833333333,1,5,0.2586,2285954
20220718-230200.000,0,208,3839.75,3840,3838.25,3838.5,248,3838.67741935484,177,71,0.2586,2285954
20220718-230300.000,0,81,3838.25,3838.5,3837.5,3837.5,91,3838.03296703297,61,30,0.3619,2285954
20220718-230400.000,0,47,3837.5,3837.75,3837.5,3837.5,80,3837.7,33,47,0.3623,2285954
20220718-230500.000,0,119,3837.5,3837.75,3836.75,3836.75,215,3836.99418604651,174,41,0.2586,2285954
20220718-230600.000,0,135,3836.5,3837.25,3836,3837,176,3836.58522727273,62,114,0.3623,2285954
20220718-230700.000,0,35,3837,3837.25,3836.75,3836.75,38,3836.97368421053,24,14,0.3444,2285954
20220718-230800.000,0,47,3836.75,3837,3836.25,3836.75,53,3836.67924528302,21,32,0.2583,2285954
20220718-230900.000,0,27,3837,3837.75,3837,3837.5,29,3837.27586206897,7,22,0.3603,2285954
20220718-231000.000,0,38,3837.75,3838.5,3837.75,3838.25,40,3838.15625,10,30,0.3595,2285954
20220718-231100.000,0,116,3838,3838,3837,3837,133,3837.36466165414,97,36,0.3497,2285954
20220718-231200.000,0,148,3836.75,3838.5,3836.75,3837.5,261,3837.49904214559,42,219,0.2583,2285954
20220718-231300.000,0,34,3837.75,3838,3837.5,3837.5,37,3837.7972972973,21,16,0.2578,2285954
20220718-231400.000,0,18,3837.25,3837.75,3837.25,3837.75,20,3837.375,6,14,0.3547,2285954
20220718-231500.000,0,15,3837.5,3837.75,3837.5,3837.75,17,3837.58823529412,3,14,0.3231,2285954
20220718-231600.000,0,15,3838,3838,3837.75,3838,15,3837.9,8,7,0.3617,2285954
20220718-231700.000,0,29,3838,3838.75,3838,3838.75,29,3838.25,,29,0.3621,2285954
20220718-231800.000,0,125,3838.75,3839.5,3838.5,3838.5,137,3838.9397810219,57,80,0.3619,2285954
20220718-231900.000,0,27,3838.75,3838.75,3838.25,3838.25,31,3838.63709677419,20,11,0.3402,2285954
20220718-232000.000,0,16,3838.25,3838.75,3838.25,3838.75,16,3838.5,2,14,0.3384,2285954
20220718-232100.000,0,30,3838.5,3838.5,3838.25,3838.5,40,3838.44375,13,27,0.2569,2285954
20220718-232200.000,0,30,3838.5,3838.5,3838,3838,32,3838.1953125,16,16,0.2563,2285954
20220718-232300.000,0,13,3838,3838.25,3838,3838.25,13,3838.03846153846,9,4,0.2562,2285954
20220718-232400.000,0,20,3838,3838.75,3838,3838.75,21,3838.58333333333,8,13,0.256,2285954
20220718-232500.000,0,33,3839,3839.25,3838.75,3839,34,3838.99264705882,14,20,0.2886,2285954
20220718-232600.000,0,42,3839,3839.75,3839,3839.75,44,3839.56818181818,9,35,0.3488,2285954
20220718-232700.000,0,47,3839.75,3840.25,3839.5,3839.5,59,3839.83898305085,26,33,0.385,2285954
20220718-232800.000,0,27,3839.75,3839.75,3838.75,3839.25,28,3839.29464285714,21,7,0.3966,2285954
20220718-232900.000,0,13,3839.25,3839.25,3839,3839,31,3839.24193548387,24,7,0.3979,2285954
20220718-233000.000,0,41,3839,3840,3839,3839.25,45,3839.45,17,28,0.3929,2285954
20220718-233100.000,0,33,3839.5,3839.5,3839,3839.25,34,3839.31617647059,16,18,0.3935,2285954
20220718-233200.000,0,134,3839.5,3840.5,3839.5,3840,149,3840.05704697987,43,106,0.4013,2285954
20220718-233300.000,0,91,3840.25,3840.75,3839.75,3840,115,3840.34130434783,37,78,0.3989,2285954
20220718-233400.000,0,71,3840,3840.25,3839.75,3840.25,77,3840.10714285714,32,45,0.2569,2285954
20220718-233500.000,0,37,3840.5,3840.5,3840,3840.25,42,3840.27380952381,13,29,0.4037,2285954
20220718-233600.000,0,138,3840.25,3841.5,3840,3841,178,3840.63342696629,71,107,0.3874,2285954
20220718-233700.000,0,320,3841.25,3843.25,3841.25,3842.25,391,3842.43094629156,106,285,0.2613,2285954
20220718-233800.000,0,83,3842,3842.75,3842,3842.5,85,3842.39117647059,42,43,0.3575,2285954
20220718-233900.000,0,84,3842.5,3842.75,3841.75,3842.5,97,3842.23195876289,51,46,0.4083,2285954
20220718-234000.000,0,65,3842.75,3843,3842,3842.5,70,3842.56428571429,28,42,0.4103,2285954
20220718-234100.000,0,117,3842.25,3842.5,3840.5,3841,126,3841.43055555556,86,40,0.41,2285954
20220718-234200.000,0,103,3841,3842,3840.75,3841.75,104,3841.42548076923,34,70,0.2586,2285954
20220718-234300.000,0,140,3842,3843.25,3842,3843.25,163,3842.47239263804,50,113,0.2653,2285954
20220718-234400.000,0,140,3843.25,3843.5,3842.5,3843.25,145,3843.17068965517,52,93,0.3081,2285954
20220718-234500.000,0,117,3843,3843,3841.75,3842.75,121,3842.3367768595,76,45,0.2559,2285954
20220718-234600.000,0,156,3842.25,3842.25,3840.75,3841.25,172,3841.46947674419,98,74,0.4061,2285954
20220718-234700.000,0,194,3841.25,3842.75,3840.75,3842.5,200,3841.725,78,122,0.2566,2285954
20220718-234800.000,0,171,3842.5,3842.75,3841,3841,183,3842.15027322404,96,87,0.257,2285954
20220718-234900.000,0,113,3841.25,3841.25,3840,3840.25,127,3840.4468503937,75,52,0.3415,2285954
20220718-235000.000,0,160,3840.25,3841.25,3840,3840.5,180,3840.39166666667,98,82,0.3896,2285954
20220718-235100.000,0,117,3840.75,3842.5,3840.75,3842.25,118,3841.8686440678,34,84,0.2556,2285954
20220718-235200.000,0,72,3842.5,3842.75,3842,3842.5,99,3842.38888888889,26,73,0.4002,2285954
20220718-235300.000,0,113,3842.5,3843,3841.75,3842.5,119,3842.51050420168,46,73,0.3908,2285954
20220718-235400.000,0,164,3842.75,3843.5,3842.25,3843.25,211,3843.16943127962,63,148,0.3973,2285954
20220718-235500.000,0,176,3843.25,3844.25,3843.25,3844,205,3843.7743902439,54,151,0.3409,2285954
20220718-235600.000,0,191,3844,3844.5,3843.75,3844,205,3844.15243902439,89,116,0.2561,2285954
20220718-235700.000,0,128,3844,3844,3843.25,3843.75,143,3843.50174825175,66,77,0.2558,2285954
20220718-235800.000,0,67,3843.5,3844.25,3843.5,3844,78,3843.96153846154,38,40,0.2564,2285954
20220718-235900.000,0,184,3844,3844.75,3843.75,3844,212,3844.39976415094,95,117,0.377,2285954
