Time,Sequence,Count,Open,High,Low,Close,Volume,VWAP,BidVolume,AskVolume,ImpVolatility,OpenInterest
20221104-000000.000,0,366,3721,3722.25,3721,3722,415,3721.70903614458,175,240,0.252,2246482
20221104-000100.000,0,343,3721.75,3723.75,3721.75,3723.25,444,3722.86824324324,131,313,0.252,2246482
20221104-000200.000,0,165,3723.25,3723.75,3723,3723.25,181,3723.28314917127,96,85,0.2516,2246482
20221104-000300.000,0,303,3723.5,3724.25,3723.5,3723.5,338,3723.92085798817,144,194,0.2516,2246482
20221104-000400.000,0,203,3723.75,3724.5,3723.25,3724.25,226,3723.84623893805,94,132,0.2518,2246482
20221104-000500.000,0,317,3724.5,3725.75,3724.5,3724.75,370,3725.17635135135,122,248,0.2513,2246482
20221104-000600.000,0,155,3725,3725.25,3724.25,3724.75,168,3724.6875,83,85,0.2515,2246482
20221104-000700.000,0,304,3724.75,3726,3724.5,3725.5,354,3725.30579096045,150,204,0.2514,2246482
20221104-000800.000,0,128,3725.25,3725.5,3724.5,3724.75,157,3725.00318471338,76,81,0.2514,2246482
20221104-000900.000,0,117,3725,3725.5,3724.5,3724.5,131,3724.92748091603,69,62,0.2513,2246482
20221104-001000.000,0,164,3724.75,3725,3723.75,3725,181,3724.42403314917,80,101,0.2515,2246482
20221104-001100.000,0,468,3725,3727.5,3724.75,3725.25,580,3726.21939655172,242,338,0.2512,2246482
20221104-001200.000,0,186,3725.5,3725.75,3725,3725.5,208,3725.28125,106,102,0.2513,2246482
20221104-001300.000,0,76,3725.5,3725.75,3725,3725,82,3725.375,56,26,0.2524,2246482
20221104-001400.000,0,115,3725.25,3725.25,3724.25,3724.25,128,3724.65625,92,36,0.2524,2246482
20221104-001500.000,0,180,3724.5,3725,3724.25,3724.75,201,3724.67786069652,99,102,0.2523,2246482
20221104-001600.000,0,134,3724.75,3724.75,3723.75,3723.75,144,3724.36805555556,77,67,0.2523,2246482
20221104-001700.000,0,215,3723.75,3723.75,3722.5,3723,230,3723.03152173913,129,101,0.2523,2246482
20221104-001800.000,0,152,3723.25,3724.25,3722.75,3724,173,3723.33959537572,74,99,0.2524,2246482
20221104-001900.000,0,94,3723.75,3724.5,3723.25,3724.25,116,3723.76077586207,50,66,0.2524,2246482
20221104-002000.000,0,165,3724.5,3724.75,3724,3724.5,188,3724.32446808511,72,116,0.2525,2246482
20221104-002100.000,0,94,3724.5,3724.5,3723.75,3724.25,99,3724.00505050505,43,56,0.2526,2246482
20221104-002200.000,0,115,3724.25,3724.5,3723.5,3723.5,131,3724.11450381679,84,47,0.2524,2246482
20221104-002300.000,0,123,3723.75,3723.75,3722.75,3723.75,261,3723.28256704981,201,60,0.2525,2246482
20221104-002400.000,0,64,3723.75,3724.25,3723.75,3724,75,3723.94333333333,34,41,0.2525,2246482
20221104-002500.000,0,96,3723.75,3724,3723,3723.25,109,3723.45871559633,53,56,0.2526,2246482
20221104-002600.000,0,99,3723.25,3723.5,3722.5,3723.25,106,3722.92688679245,60,46,0.2525,2246482
20221104-002700.000,0,94,3723.25,3723.25,3722.25,3722.5,100,3722.685,46,54,0.2526,2246482
20221104-002800.000,0,49,3722.25,3723.5,3722.25,3723,59,3723.07203389831,29,30,0.2527,2246482
20221104-002900.000,0,74,3723,3723.75,3723,3723.75,79,3723.42405063291,24,55,0.2525,2246482
20221104-003000.000,0,62,3723.75,3724,3723.5,3724,62,3723.8185483871,32,30,0.2526,2246482
20221104-003100.000,0,62,3724.25,3724.5,3723.75,3724,63,3724.14285714286,32,31,0.2525,2246482
20221104-003200.000,0,67,3724.25,3724.25,3723.75,3724,69,3723.96739130435,35,34,0.2524,2246482
20221104-003300.000,0,68,3724.25,3725,3724.25,3724.75,79,3724.53481012658,32,47,0.2525,2246482
20221104-003400.000,0,156,3724.75,3725.5,3724.75,3725,197,3725.09390862944,55,142,0.2526,2246482
20221104-003500.000,0,102,3725.25,3725.5,3723.75,3723.75,106,3724.69575471698,69,37,0.2525,2246482
20221104-003600.000,0,104,3723.75,3724.5,3723.75,3724.25,108,3724.125,41,67,0.2526,2246482
20221104-003700.000,0,63,3724.25,3724.5,3723.75,3723.75,72,3724.07291666667,58,14,0.2525,2246482
20221104-003800.000,0,84,3723.75,3724.5,3723.25,3724,91,3723.77197802198,32,59,0.2526,2246482
20221104-003900.000,0,53,3724,3724.5,3724,3724,64,3724.06640625,36,28,0.2526,2246482
20221104-004000.000,0,81,3724.25,3725,3724.25,3724.75,91,3724.60164835165,39,52,0.2526,2246482
20221104-004100.000,0,83,3725,3725.25,3724.75,3725.25,114,3724.9649122807,52,62,0.2526,2246482
20221104-004200.000,0,55,3725.25,3725.25,3724.5,3724.5,56,3724.83928571429,21,35,0.2526,2246482
20221104-004300.000,0,73,3724.25,3724.5,3723.75,3723.75,77,3724.16883116883,53,24,0.2526,2246482
20221104-004400.000,0,33,3723.75,3724,3723.5,3723.5,34,3723.71323529412,23,11,0.2525,2246482
20221104-004500.000,0,167,3723.5,3724.5,3723,3724.5,190,3723.52368421053,106,84,0.2524,2246482
20221104-004600.000,0,89,3724.25,3725,3724.25,3725,96,3724.7421875,35,61,0.2525,2246482
20221104-004700.000,0,60,3725,3725,3724,3724.25,72,3724.44791666667,46,26,0.2526,2246482
20221104-004800.000,0,127,3724,3725,3723.75,3724.75,143,3724.26573426573,56,87,0.2527,2246482
20221104-004900.000,0,63,3724.75,3725,3724.5,3724.75,75,3724.73333333333,46,29,0.2526,2246482
20221104-005000.000,0,245,3725,3726,3724.75,3725.75,334,3725.48128742515,93,241,0.2528,2246482
20221104-005100.000,0,160,3725.75,3726,3725.5,3725.75,203,3725.91748768473,36,167,0.2526,2246482
20221104-005200.000,0,74,3725.5,3725.75,3725.5,3725.75,90,3725.69722222222,50,40,0.2527,2246482
20221104-005300.000,0,93,3725.75,3725.75,3725.25,3725.5,103,3725.46359223301,54,49,0.2527,2246482
20221104-005400.000,0,108,3725.25,3725.25,3724.5,3724.75,125,3724.908,79,46,0.2526,2246482
20221104-005500.000,0,48,3724.75,3725.25,3724.5,3725,51,3724.86274509804,25,26,0.2525,2246482
20221104-005600.000,0,85,3725,3725,3724.75,3724.75,101,3724.90594059406,59,42,0.2525,2246482
20221104-005700.000,0,64,3724.75,3725.5,3724.75,3725.5,72,3725.06597222222,25,47,0.2526,2246482
20221104-005800.000,0,64,3725,3725.75,3725,3725.25,136,3725.45036764706,95,41,0.2525,2246482
20221104-005900.000,0,46,3725.5,3725.75,3725.25,3725.25,51,3725.47058823529,21,30,0.2525,2246482
20221104-010000.000,0,97,3725.5,3726,3725,3725,106,3725.66037735849,60,46,0.2526,2246482
20221104-010100.000,0,389,3725.25,3725.25,3723,3723.5,455,3723.91868131868,272,183,0.2527,2246482
20221104-010200.000,0,213,3723.5,3724.75,3723.25,3724.75,253,3724.03260869565,129,124,0.2528,2246482
20221104-010300.000,0,73,3724.5,3724.75,3724,3724.5,87,3724.46551724138,44,43,0.2528,2246482
20221104-010400.000,0,113,3724.75,3725.5,3724.75,3725.25,131,3725.12595419847,57,74,0.2526,2246482
20221104-010500.000,0,103,3725.25,3725.75,3725,3725.75,123,3725.48170731707,30,93,0.2527,2246482
20221104-010600.000,0,160,3726,3726,3725,3725.25,206,3725.71359223301,91,115,0.2527,2246482
20221104-010700.000,0,168,3725,3725.25,3724,3724,264,3724.92140151515,131,133,0.2527,2246482
20221104-010800.000,0,127,3724,3724.25,3723.75,3723.75,163,3723.98773006135,77,86,0.2527,2246482
20221104-010900.000,0,175,3723.75,3724,3723,3723.5,198,3723.43560606061,123,75,0.2526,2246482
20221104-011000.000,0,72,3723.5,3724,3723.25,3724,78,3723.85897435897,49,29,0.2526,2246482
20221104-011100.000,0,153,3724,3724,3722.5,3723.5,176,3723.14204545455,107,69,0.2527,2246482
20221104-011200.000,0,84,3723.5,3724.25,3723.5,3724,89,3723.92415730337,34,55,0.2529,2246482
20221104-011300.000,0,141,3724,3724,3722.5,3722.5,168,3723.0625,109,59,0.2527,2246482
20221104-011400.000,0,80,3722.75,3723.25,3722.5,3723.25,94,3722.90691489362,31,63,0.2527,2246482
20221104-011500.000,0,418,3723,3723.25,3721,3721.5,479,3722.16962421712,298,181,0.2527,2246482
20221104-011600.000,0,427,3721.25,3721.75,3720.25,3721.5,547,3721.08775137112,350,197,0.2528,2246482
20221104-011700.000,0,145,3721.5,3721.5,3720.5,3720.75,159,3721.09748427673,101,58,0.253,2246482
20221104-011800.000,0,122,3721,3721.5,3720.5,3720.5,145,3720.94482758621,81,64,0.2529,2246482
20221104-011900.000,0,223,3720.75,3722,3720.25,3721.25,250,3720.875,133,117,0.2529,2246482
20221104-012000.000,0,125,3721.5,3721.5,3721,3721.5,144,3721.35243055556,84,60,0.2529,2246482
20221104-012100.000,0,84,3721.25,3721.5,3720.75,3721,84,3721.13095238095,40,44,0.2528,2246482
20221104-012200.000,0,92,3721,3721,3720.25,3720.5,93,3720.68010752688,37,56,0.2528,2246482
20221104-012300.000,0,85,3720.75,3721.25,3720.75,3720.75,89,3721.0308988764,38,51,0.253,2246482
20221104-012400.000,0,111,3720.75,3721.75,3720.5,3721.75,129,3721.10658914729,56,73,0.2529,2246482
20221104-012500.000,0,106,3721.5,3721.75,3721,3721.25,111,3721.42567567568,66,45,0.2528,2246482
20221104-012600.000,0,60,3721,3721.25,3720.75,3720.75,65,3721.03461538462,32,33,0.2528,2246482
20221104-012700.000,0,95,3720.75,3721.25,3720.25,3721,107,3720.7523364486,63,44,0.2529,2246482
20221104-012800.000,0,58,3721,3721.5,3720.75,3721,59,3721.11016949153,25,34,0.2528,2246482
20221104-012900.000,0,64,3721,3721.5,3720.75,3721.5,67,3721.21641791045,24,43,0.253,2246482
20221104-013000.000,0,224,3721.5,3722.75,3721.5,3722.25,249,3722.20180722892,108,141,0.2529,2244516
20221104-013100.000,0,182,3722,3722.75,3721.75,3722.5,196,3722.17729591837,83,113,0.253,2244516
20221104-013200.000,0,135,3722.75,3723,3722.5,3722.75,143,3722.83741258741,53,90,0.2528,2244516
20221104-013300.000,0,352,3723,3724.5,3722.5,3724.25,397,3723.53274559194,153,244,0.253,2244516
20221104-013400.000,0,247,3724.25,3725,3723.5,3723.75,308,3724.20454545455,160,148,0.2528,2244516
20221104-013500.000,0,289,3724,3726,3723.75,3725.5,358,3725.25279329609,93,265,0.253,2244516
20221104-013600.000,0,140,3725.25,3725.75,3725,3725.25,166,3725.33132530121,89,77,0.2527,2244516
20221104-013700.000,0,126,3725.25,3725.75,3725,3725.25,144,3725.36111111111,69,75,0.2527,2244516
20221104-013800.000,0,119,3725.5,3726,3725.5,3725.75,154,3725.76136363636,49,105,0.2527,2244516
20221104-013900.000,0,128,3725.75,3726,3725.25,3725.5,137,3725.64416058394,69,68,0.2527,2244516
20221104-014000.000,0,388,3725.5,3727,3725.5,3725.5,477,3726.34591194969,164,313,0.2529,2244516
20221104-014100.000,0,124,3725.75,3725.75,3725.25,3725.75,136,3725.54411764706,55,81,0.2528,2244516
20221104-014200.000,0,180,3725.5,3726,3725,3725.5,200,3725.5025,96,104,0.2528,2244516
20221104-014300.000,0,117,3725.25,3725.5,3725,3725.25,154,3725.14772727273,91,63,0.2513,2244516
20221104-014400.000,0,101,3725.25,3725.5,3725,3725.25,127,3725.37007874016,68,59,0.2514,2244516
20221104-014500.000,0,164,3725,3725.5,3725,3725.5,186,3725.21639784946,80,106,0.2514,2244516
20221104-014600.000,0,84,3725.25,3726,3725.25,3725.75,91,3725.71153846154,46,45,0.2513,2244516
20221104-014700.000,0,145,3725.75,3726.5,3725.75,3725.75,168,3726.13095238095,72,96,0.2515,2244516
20221104-014800.000,0,65,3725.75,3726,3725.5,3726,69,3725.88405797101,41,28,0.2513,2244516
20221104-014900.000,0,114,3726,3726,3725.5,3726,125,3725.824,61,64,0.2514,2244516
20221104-015000.000,0,79,3726,3726.25,3725.5,3725.5,85,3725.99117647059,39,46,0.254,2244516
20221104-015100.000,0,132,3725.75,3725.75,3724.75,3725.25,158,3725.33702531646,95,63,0.2514,2244516
20221104-015200.000,0,122,3725,3726,3725,3725.5,159,3725.52987421384,85,74,0.2515,2244516
20221104-015300.000,0,141,3725.5,3726.75,3725.5,3726.5,158,3726.17879746835,44,114,0.2515,2244516
20221104-015400.000,0,91,3726.5,3727,3726,3726.75,94,3726.52393617021,53,41,0.2541,2244516
20221104-015500.000,0,115,3726.75,3726.75,3726,3726.25,122,3726.26639344262,51,71,0.2543,2244516
20221104-015600.000,0,92,3726.5,3726.75,3726,3726.5,117,3726.19230769231,51,66,0.2539,2244516
20221104-015700.000,0,148,3726.75,3727,3726.5,3726.5,181,3726.76657458564,68,113,0.2544,2244516
20221104-015800.000,0,146,3726.75,3727.25,3726.75,3727,173,3727.01156069364,74,99,0.2544,2244516
20221104-015900.000,0,62,3726.75,3727.25,3726.75,3727,63,3727.0873015873,25,38,0.2545,2244516
20221104-020000.000,0,129,3727,3727.25,3726.5,3726.75,146,3726.92123287671,89,57,0.2545,2244516
20221104-020100.000,0,161,3726.5,3726.75,3725.5,3726,182,3726.02884615385,135,47,0.2535,2244516
20221104-020200.000,0,84,3726,3726,3725.75,3725.75,97,3725.80412371134,43,54,0.2518,2244516
20221104-020300.000,0,102,3725.75,3725.75,3725.5,3725.75,120,3725.66875,52,68,0.2517,2244516
20221104-020400.000,0,134,3725.75,3726.25,3725.25,3726,163,3725.74233128834,88,75,0.2517,2244516
20221104-020500.000,0,128,3725.75,3726.5,3725.75,3726.25,151,3726.08112582781,44,107,0.2542,2244516
20221104-020600.000,0,69,3726.5,3726.5,3725.75,3726.25,71,3726.04929577465,28,43,0.2515,2244516
20221104-020700.000,0,90,3726.25,3727,3726.25,3726.75,101,3726.45792079208,32,69,0.2516,2244516
20221104-020800.000,0,73,3727,3727,3726.75,3726.75,97,3726.85567010309,41,56,0.2541,2244516
20221104-020900.000,0,49,3726.5,3727,3726.25,3727,53,3726.55188679245,23,30,0.2542,2244516
20221104-021000.000,0,61,3726.75,3727,3726.5,3726.5,73,3726.76369863014,42,31,0.2542,2244516
20221104-021100.000,0,93,3726.5,3727.5,3726.5,3727.25,101,3727.11138613861,22,79,0.2542,2244516
20221104-021200.000,0,139,3727.25,3727.5,3727.25,3727.25,153,3727.32516339869,77,76,0.2544,2244516
20221104-021300.000,0,210,3727.25,3728.25,3727.25,3727.75,293,3727.84300341297,94,199,0.2543,2244516
20221104-021400.000,0,77,3727.75,3728,3727.5,3727.75,87,3727.77011494253,28,59,0.2543,2244516
20221104-021500.000,0,220,3728,3728.5,3728,3728.25,366,3728.16598360656,131,235,0.2545,2244516
20221104-021600.000,0,70,3728.25,3728.5,3728,3728,140,3728.13035714286,104,36,0.2545,2244516
20221104-021700.000,0,170,3728,3728.5,3727.5,3728.25,217,3728.02304147465,104,113,0.2545,2244516
20221104-021800.000,0,111,3728.25,3728.5,3727.75,3728,135,3728.22407407407,67,68,0.2545,2244516
20221104-021900.000,0,126,3728,3728,3727.25,3727.25,149,3727.56879194631,91,58,0.252,2244516
20221104-022000.000,0,81,3727.25,3727.5,3727,3727.5,87,3727.22988505747,52,35,0.2518,2244516
20221104-022100.000,0,75,3727.25,3727.75,3727,3727.5,78,3727.33012820513,42,36,0.2517,2244516
20221104-022200.000,0,90,3727.75,3728.25,3727.75,3728.25,91,3728.05494505495,27,64,0.2543,2244516
20221104-022300.000,0,65,3728,3728.25,3727.75,3727.75,75,3727.99666666667,44,31,0.2543,2244516
20221104-022400.000,0,57,3727.75,3727.75,3727.25,3727.75,63,3727.53174603175,38,25,0.2543,2244516
20221104-022500.000,0,73,3727.5,3728.25,3727.5,3728.25,90,3727.98055555556,37,53,0.2541,2244516
20221104-022600.000,0,78,3728,3728.25,3727.75,3728,92,3728.08695652174,52,40,0.2544,2244516
20221104-022700.000,0,71,3728.25,3728.5,3728,3728.5,106,3728.3820754717,34,72,0.2545,2244516
20221104-022800.000,0,60,3728.25,3728.5,3728,3728.5,67,3728.17164179105,39,28,0.2545,2244516
20221104-022900.000,0,53,3728.5,3728.5,3728.25,3728.5,53,3728.41037735849,28,25,0.2544,2244516
20221104-023000.000,0,163,3728.5,3728.75,3728.5,3728.75,227,3728.66519823789,77,150,0.2545,2244516
20221104-023100.000,0,77,3728.5,3728.75,3728.25,3728.25,85,3728.41764705882,54,31,0.2527,2244516
20221104-023200.000,0,55,3728.5,3728.75,3728,3728,57,3728.27631578947,33,24,0.2541,2244516
20221104-023300.000,0,111,3728.25,3728.5,3727.75,3728,142,3728.07570422535,77,65,0.2517,2244516
20221104-023400.000,0,64,3728,3728,3727.5,3727.5,72,3727.60763888889,46,26,0.2516,2244516
20221104-023500.000,0,121,3727.25,3727.5,3726.75,3726.75,146,3727.06678082192,91,55,0.2515,2244516
20221104-023600.000,0,135,3727,3727.5,3726.75,3727,157,3727.12101910828,75,82,0.2516,2244516
20221104-023700.000,0,300,3727,3727,3725.25,3725.5,396,3726.01641414141,268,128,0.2515,2244516
20221104-023800.000,0,247,3725.25,3725.75,3725,3725.75,300,3725.34083333333,123,177,0.2516,2244516
20221104-023900.000,0,135,3725.5,3726,3725.25,3725.5,156,3725.63621794872,75,81,0.2517,2244516
20221104-024000.000,0,87,3725.5,3726,3725.5,3725.75,108,3725.76851851852,49,59,0.2517,2244516
20221104-024100.000,0,138,3725.5,3725.75,3725,3725.5,170,3725.24852941176,122,48,0.2519,2244516
20221104-024200.000,0,79,3725.5,3726,3725.25,3726,86,3725.68313953488,17,69,0.2519,2244516
20221104-024300.000,0,141,3726,3726.75,3725.75,3726.5,163,3726.21472392638,55,108,0.2543,2244516
20221104-024400.000,0,153,3726.25,3727.75,3726.25,3727.5,173,3726.96242774566,39,134,0.2541,2244516
20221104-024500.000,0,118,3727.75,3727.75,3727,3727.25,129,3727.43604651163,65,64,0.2542,2244516
20221104-024600.000,0,73,3727,3727.25,3726.75,3727,79,3727.02848101266,40,39,0.2543,2244516
20221104-024700.000,0,65,3727.25,3727.25,3726.5,3726.5,71,3726.61267605634,47,24,0.2543,2244516
20221104-024800.000,0,73,3726.5,3726.5,3726,3726,75,3726.32,54,21,0.2543,2244516
20221104-024900.000,0,171,3725.75,3726.25,3725.25,3725.5,217,3725.72695852535,143,74,0.2519,2244516
20221104-025000.000,0,80,3725.5,3726,3725.5,3726,88,3725.80681818182,34,54,0.2518,2244516
20221104-025100.000,0,40,3726,3726,3725.75,3725.75,43,3725.88953488372,27,16,0.2543,2244516
20221104-025200.000,0,137,3725.75,3726.25,3725.75,3726,151,3725.99006622517,70,81,0.2534,2244516
20221104-025300.000,0,188,3726,3727,3726,3726.75,204,3726.57843137255,95,109,0.2543,2244516
20221104-025400.000,0,117,3726.75,3727.25,3726.75,3726.75,122,3727.00614754098,57,65,0.2543,2244516
20221104-025500.000,0,98,3727,3727.5,3726.75,3727.25,105,3727.17857142857,44,61,0.2542,2244516
20221104-025600.000,0,65,3727,3727,3726.25,3726.25,76,3726.66118421053,50,26,0.2543,2244516
20221104-025700.000,0,44,3726.25,3727,3726,3727,46,3726.3152173913,17,29,0.2521,2244516
20221104-025800.000,0,55,3727,3727,3726.5,3726.75,59,3726.86016949153,24,35,0.2544,2244516
20221104-025900.000,0,88,3726.75,3727,3726.5,3727,94,3726.81914893617,48,46,0.2543,2244516
20221104-030000.000,0,161,3726.75,3727.5,3726.75,3727.5,179,3727.21787709497,64,115,0.2544,2244516
20221104-030100.000,0,180,3727.5,3728,3727.5,3728,204,3727.78431372549,64,140,0.2545,2244516
20221104-030200.000,0,96,3728,3728.5,3728,3728,103,3728.15776699029,39,64,0.2546,2244516
20221104-030300.000,0,71,3728.25,3728.5,3728,3728,93,3728.11559139785,55,38,0.2546,2244516
20221104-030400.000,0,110,3727.75,3728,3727.5,3727.75,134,3727.77985074627,69,65,0.2546,2244516
20221104-030500.000,0,69,3727.5,3727.75,3727.5,3727.75,81,3727.60493827161,52,29,0.2549,2244516
20221104-030600.000,0,64,3727.75,3728,3727.75,3727.75,81,3727.81172839506,49,32,0.2548,2244516
20221104-030700.000,0,65,3727.5,3728,3727.5,3727.5,78,3727.67307692308,48,30,0.2549,2244516
20221104-030800.000,0,36,3727.75,3727.75,3727.5,3727.75,43,3727.67441860465,13,30,0.2547,2244516
20221104-030900.000,0,51,3728,3728,3727.75,3727.75,54,3727.88888888889,35,19,0.2548,2244516
20221104-031000.000,0,75,3727.5,3728,3727.5,3727.75,84,3727.63988095238,44,40,0.2547,2244516
20221104-031100.000,0,77,3727.75,3728,3727.5,3727.75,103,3727.64805825243,62,41,0.2548,2244516
20221104-031200.000,0,85,3728,3728.25,3727.75,3727.75,92,3727.9972826087,52,40,0.2549,2244516
20221104-031300.000,0,55,3728,3728,3727.75,3727.75,64,3727.91796875,36,28,0.255,2244516
20221104-031400.000,0,44,3727.75,3728,3727.75,3727.75,47,3727.84042553192,30,17,0.2549,2244516
20221104-031500.000,0,67,3727.75,3727.75,3727.5,3727.5,72,3727.68402777778,51,21,0.2549,2244516
20221104-031600.000,0,93,3727.75,3727.75,3727,3727.25,113,3727.32079646018,60,53,0.2544,2244516
20221104-031700.000,0,132,3727.25,3727.5,3726.25,3726.25,145,3727.0275862069,100,45,0.2551,2244516
20221104-031800.000,0,203,3726.25,3726.25,3725.25,3725.75,233,3725.68884120172,129,104,0.2527,2244516
20221104-031900.000,0,114,3725.75,3725.75,3725.25,3725.25,133,3725.47744360902,73,60,0.2525,2244516
20221104-032000.000,0,141,3725.5,3725.75,3725.25,3725.5,161,3725.45341614907,78,83,0.2526,2244516
20221104-032100.000,0,129,3725.75,3726,3725.25,3725.5,156,3725.61378205128,108,48,0.2526,2244516
20221104-032200.000,0,74,3725.5,3726,3725.5,3725.75,86,3725.5523255814,28,58,0.2526,2244516
20221104-032300.000,0,36,3725.75,3726,3725.75,3725.75,48,3725.88020833333,27,21,0.2527,2244516
20221104-032400.000,0,108,3726,3726.25,3725.75,3726.25,154,3725.9512987013,91,63,0.2527,2244516
20221104-032500.000,0,100,3726.25,3726.75,3726,3726.5,112,3726.35491071429,51,61,0.2545,2244516
20221104-032600.000,0,123,3726.25,3727,3726.25,3726.75,139,3726.79496402878,48,91,0.2551,2244516
20221104-032700.000,0,72,3727,3727.25,3726.75,3727.25,83,3727.07831325301,40,43,0.2552,2244516
20221104-032800.000,0,107,3727.25,3728,3727.25,3727.75,136,3727.57904411765,40,96,0.2553,2244516
20221104-032900.000,0,135,3727.75,3728.25,3727.5,3728,173,3727.92919075145,48,125,0.2553,2244516
20221104-033000.000,0,166,3728.25,3728.5,3727.75,3728,189,3728.09126984127,80,109,0.2552,2244516
20221104-033100.000,0,111,3728,3728.25,3727.5,3727.75,125,3727.954,39,86,0.2522,2244516
20221104-033200.000,0,85,3727.75,3728.25,3727.75,3728,99,3728.00757575758,32,67,0.2524,2244516
20221104-033300.000,0,83,3728,3728.25,3728,3728,109,3728.19495412844,30,79,0.2536,2244516
20221104-033400.000,0,99,3728,3728.5,3727.75,3728,118,3727.99788135593,67,51,0.2523,2244516
20221104-033500.000,0,84,3727.75,3728.25,3727.75,3727.75,97,3727.93298969072,46,51,0.2543,2244516
20221104-033600.000,0,62,3727.75,3727.75,3727.25,3727.5,66,3727.54545454545,38,28,0.2524,2244516
20221104-033700.000,0,81,3727.5,3727.75,3727,3727.25,103,3727.30097087379,71,32,0.2523,2244516
20221104-033800.000,0,36,3727.25,3727.5,3727,3727,43,3727.23837209302,22,21,0.2525,2244516
20221104-033900.000,0,55,3727,3727.25,3727,3727,61,3727.18852459016,24,37,0.2523,2244516
20221104-034000.000,0,49,3727.25,3727.25,3727,3727,56,3727.15178571429,28,28,0.2523,2244516
20221104-034100.000,0,108,3727.25,3727.25,3727,3727,122,3727.15983606557,65,57,0.2524,2244516
20221104-034200.000,0,35,3727.25,3727.25,3727,3727.25,39,3727.22435897436,14,25,0.2523,2244516
20221104-034300.000,0,98,3727.5,3727.5,3726.75,3727.5,116,3727.13146551724,57,59,0.2523,2244516
20221104-034400.000,0,183,3727.25,3727.25,3726.75,3726.75,217,3726.98502304147,119,98,0.2525,2244516
20221104-034500.000,0,94,3727,3727.5,3726.75,3727.25,109,3727.11926605505,65,44,0.2524,2244516
20221104-034600.000,0,71,3727.25,3727.5,3727.25,3727.5,84,3727.29464285714,28,56,0.2544,2244516
20221104-034700.000,0,100,3727.5,3727.75,3727.5,3727.5,121,3727.56404958678,56,65,0.2548,2244516
20221104-034800.000,0,65,3727.5,3727.5,3727.25,3727.25,80,3727.415625,47,33,0.2546,2244516
20221104-034900.000,0,90,3727.5,3728,3727.25,3728,112,3727.6875,33,79,0.2525,2244516
20221104-035000.000,0,100,3728,3728.25,3727.25,3728,124,3727.85685483871,57,67,0.2547,2244516
20221104-035100.000,0,36,3728,3728,3727.5,3727.5,39,3727.71153846154,20,19,0.2547,2244516
20221104-035200.000,0,34,3727.75,3727.75,3727.5,3727.75,37,3727.74324324324,15,22,0.2546,2244516
20221104-035300.000,0,65,3727.75,3728,3727.5,3727.75,70,3727.92857142857,41,29,0.2548,2244516
20221104-035400.000,0,19,3727.75,3728.25,3727.75,3728.25,24,3728.01041666667,9,15,0.2548,2244516
20221104-035500.000,0,123,3728.25,3728.5,3728,3728.5,175,3728.34714285714,63,112,0.2547,2244516
20221104-035600.000,0,85,3728.25,3728.25,3728,3728.25,93,3728.15591397849,53,40,0.2547,2244516
20221104-035700.000,0,28,3728.25,3728.5,3728.25,3728.25,30,3728.33333333333,17,13,0.2548,2244516
20221104-035800.000,0,47,3728.5,3728.5,3728,3728.25,49,3728.33163265306,17,32,0.2548,2244516
20221104-035900.000,0,32,3728.25,3728.25,3728,3728.25,34,3728.23529411765,15,19,0.2548,2244516
20221104-040000.000,0,49,3728.25,3728.25,3728,3728,53,3728.04716981132,30,23,0.2549,2244516
20221104-040100.000,0,39,3728.25,3728.25,3728,3728.25,45,3728.23333333333,13,32,0.2549,2244516
20221104-040200.000,0,46,3728.25,3728.25,3727.75,3727.75,54,3728.10185185185,29,25,0.2549,2244516
20221104-040300.000,0,56,3727.75,3727.75,3727.5,3727.5,59,3727.61440677966,44,15,0.2549,2244516
20221104-040400.000,0,38,3727.5,3727.75,3727.5,3727.75,43,3727.66860465116,24,19,0.2549,2244516
20221104-040500.000,0,31,3727.75,3728,3727.75,3727.75,33,3727.81060606061,20,13,0.2549,2244516
20221104-040600.000,0,29,3727.75,3727.75,3727.75,3727.75,30,3727.75,22,8,0.2549,2244516
20221104-040700.000,0,21,3727.75,3727.75,3727.75,3727.75,26,3727.75,24,2,0.2549,2244516
20221104-040800.000,0,60,3727.75,3727.75,3727.5,3727.75,67,3727.72388059702,24,43,0.2526,2244516
20221104-040900.000,0,54,3727.75,3728.25,3727.75,3728.25,65,3727.91923076923,23,42,0.2548,2244516
20221104-041000.000,0,46,3728,3728,3727.75,3728,56,3727.99553571429,28,28,0.2528,2244516
20221104-041100.000,0,36,3728.25,3728.5,3728.25,3728.5,43,3728.32558139535,6,37,0.2548,2244516
20221104-041200.000,0,473,3728.5,3730.25,3728.25,3730.25,922,3729.52277657267,182,740,0.2549,2244516
20221104-041300.000,0,568,3730.25,3731.75,3730,3731,903,3731.03571428571,290,613,0.255,2244516
20221104-041400.000,0,169,3731,3731.5,3730.75,3730.75,208,3730.98317307692,113,95,0.2532,2244516
20221104-041500.000,0,168,3730.75,3730.75,3730,3730,203,3730.34359605911,81,122,0.2525,2244516
20221104-041600.000,0,69,3729.75,3730,3729.5,3729.5,74,3729.70945945946,33,41,0.2524,2244516
20221104-041700.000,0,67,3729.75,3729.75,3729.25,3729.75,82,3729.53353658537,43,39,0.2524,2244516
20221104-041800.000,0,252,3729.75,3729.75,3728.5,3728.5,310,3728.88790322581,223,87,0.2523,2244516
20221104-041900.000,0,373,3728.25,3728.5,3727.25,3727.75,451,3727.97172949002,289,162,0.2522,2244516
20221104-042000.000,0,161,3727.75,3728.5,3727.75,3727.75,196,3728.03316326531,78,118,0.2522,2244516
20221104-042100.000,0,58,3727.75,3728.25,3727.75,3727.75,82,3727.85975609756,12,70,0.2523,2244516
20221104-042200.000,0,39,3728,3728.5,3727.75,3728.25,39,3728.04487179487,15,24,0.2522,2244516
20221104-042300.000,0,38,3728.25,3728.25,3728,3728.25,43,3728.22674418605,10,33,0.2522,2244516
20221104-042400.000,0,58,3728,3728,3727.5,3727.5,62,3727.71774193548,44,18,0.2522,2244516
20221104-042500.000,0,48,3727.5,3728,3727.5,3727.75,63,3727.64682539683,34,29,0.2522,2244516
20221104-042600.000,0,96,3727.75,3728.5,3727.75,3728.25,102,3728.10294117647,39,63,0.2522,2244516
20221104-042700.000,0,23,3728.25,3728.25,3728,3728,25,3728.07,15,10,0.2522,2244516
20221104-042800.000,0,42,3728,3728.5,3728,3728.25,46,3728.04891304348,24,22,0.2522,2244516
20221104-042900.000,0,195,3728.5,3729.25,3728.25,3729,264,3729.02367424242,111,153,0.2522,2244516
20221104-043000.000,0,58,3729,3729.25,3728.75,3729.25,67,3729.05597014925,19,48,0.2521,2244516
20221104-043100.000,0,90,3729,3729.75,3729,3729.5,109,3729.38302752294,42,67,0.2522,2244516
20221104-043200.000,0,80,3729.5,3729.75,3729.25,3729.25,120,3729.39375,89,31,0.2523,2244516
20221104-043300.000,0,152,3729.25,3730.5,3729.25,3730.25,192,3730.14713541667,51,141,0.2524,2244516
20221104-043400.000,0,313,3730.25,3732.75,3730.25,3732.5,389,3731.83933161954,133,256,0.2546,2244516
20221104-043500.000,0,225,3732.5,3733,3731.75,3731.75,281,3732.43950177936,155,126,0.2547,2244516
20221104-043600.000,0,102,3732,3732,3731.5,3732,121,3731.84297520661,56,65,0.2526,2244516
20221104-043700.000,0,48,3731.75,3731.75,3731,3731,52,3731.27884615385,44,8,0.2522,2244516
20221104-043800.000,0,83,3731,3731,3730.5,3731,96,3730.68229166667,65,31,0.2521,2244516
20221104-043900.000,0,125,3731,3732.5,3731,3732.25,163,3731.76533742331,64,99,0.2529,2244516
20221104-044000.000,0,185,3732.5,3733.5,3732.25,3732.5,247,3732.89170040486,141,106,0.2529,2244516
20221104-044100.000,0,109,3732.25,3732.5,3731.75,3731.75,135,3732.17407407407,86,49,0.2537,2244516
20221104-044200.000,0,109,3731.75,3733,3731.75,3732.75,142,3732.40492957747,54,88,0.254,2244516
20221104-044300.000,0,1244,3732.5,3736.5,3731.75,3735.25,1792,3734.62653459821,753,1039,0.2523,2244516
20221104-044400.000,0,284,3735,3736,3734.5,3734.75,416,3735.19591346154,184,232,0.2523,2244516
20221104-044500.000,0,322,3734.75,3734.75,3733.5,3733.75,442,3734.125,289,153,0.2525,2244516
20221104-044600.000,0,154,3733.75,3735,3733.75,3735,207,3734.46618357488,50,157,0.2539,2244516
20221104-044700.000,0,131,3735,3735.5,3734.75,3735,191,3735.03664921466,105,86,0.2527,2244516
20221104-044800.000,0,232,3735,3736,3735,3735.75,306,3735.55637254902,112,194,0.2549,2244516
20221104-044900.000,0,305,3735.5,3736.75,3735.5,3736.5,415,3736.04819277108,132,283,0.255,2244516
20221104-045000.000,0,641,3736.5,3738.25,3736.25,3737.5,1006,3737.43886679921,469,537,0.2524,2244516
20221104-045100.000,0,305,3737.25,3738,3735.75,3736,422,3737.2268957346,252,170,0.2537,2244516
20221104-045200.000,0,324,3736,3736,3734.75,3736,492,3735.37703252033,191,301,0.2523,2244516
20221104-045300.000,0,177,3736,3736.75,3736,3736.25,272,3736.24908088235,163,109,0.255,2244516
20221104-045400.000,0,136,3736.25,3736.75,3736.25,3736.5,209,3736.47846889952,141,68,0.255,2244516
20221104-045500.000,0,263,3736.5,3738.25,3736.5,3738,457,3737.60010940919,189,268,0.2552,2244516
20221104-045600.000,0,140,3738,3738,3737,3737,202,3737.7103960396,114,88,0.2553,2244516
20221104-045700.000,0,68,3737.25,3737.25,3736.5,3737,79,3736.81012658228,39,40,0.2537,2244516
20221104-045800.000,0,68,3737,3737,3736.25,3736.5,105,3736.61428571429,29,76,0.2555,2244516
20221104-045900.000,0,102,3736.75,3737,3736.25,3736.75,131,3736.64122137405,40,91,0.2556,2244516
20221104-050000.000,0,287,3736.75,3738.5,3736.75,3738.25,352,3737.77698863636,129,223,0.2555,2244516
20221104-050100.000,0,303,3738.25,3738.75,3737,3737.75,358,3737.85055865922,149,209,0.2555,2244516
20221104-050200.000,0,205,3737.75,3737.75,3735.5,3735.5,239,3736.53765690377,125,114,0.2532,2244516
20221104-050300.000,0,189,3735.5,3735.75,3735,3735,220,3735.40681818182,100,120,0.2527,2244516
20221104-050400.000,0,165,3735,3736.25,3734.75,3736,200,3735.34125,92,108,0.2527,2244516
20221104-050500.000,0,117,3735.75,3736,3735.25,3735.75,143,3735.63636363636,59,84,0.2536,2244516
20221104-050600.000,0,165,3735.75,3736,3735,3735.25,241,3735.64937759336,108,133,0.2539,2244516
20221104-050700.000,0,268,3735.25,3736.5,3734.75,3735.5,334,3735.58532934132,196,138,0.2527,2244516
20221104-050800.000,0,419,3735.5,3736.5,3734.5,3734.75,516,3735.2761627907,274,242,0.2556,2244516
20221104-050900.000,0,157,3735,3736,3734.75,3736,167,3735.31586826347,60,107,0.2555,2244516
20221104-051000.000,0,267,3735.75,3736.75,3735.5,3736.5,351,3736.41025641026,106,245,0.2558,2244516
20221104-051100.000,0,174,3736.25,3736.75,3735.75,3736.25,199,3736.21105527638,91,108,0.2558,2244516
20221104-051200.000,0,119,3736.25,3737,3736.25,3736.5,126,3736.58531746032,50,76,0.2559,2244516
20221104-051300.000,0,118,3736.5,3736.75,3736,3736.5,144,3736.359375,43,101,0.2558,2244516
20221104-051400.000,0,187,3736.5,3736.75,3736,3736.5,237,3736.42827004219,103,134,0.2559,2244516
20221104-051500.000,0,267,3736.75,3737.75,3736.75,3737.25,322,3737.25776397516,109,213,0.2559,2244516
20221104-051600.000,0,229,3737,3738.5,3737,3738.25,300,3737.78083333333,92,208,0.2537,2244516
20221104-051700.000,0,259,3738,3739,3738,3738.5,307,3738.52035830619,136,171,0.255,2244516
20221104-051800.000,0,315,3738.75,3739.75,3738.5,3738.75,427,3739.1112412178,159,268,0.2556,2244516
20221104-051900.000,0,204,3738.75,3739,3737.75,3738.5,237,3738.30801687764,87,150,0.2556,2244516
20221104-052000.000,0,120,3738.5,3738.5,3737.25,3737.5,133,3737.73308270677,86,47,0.253,2244516
20221104-052100.000,0,196,3737.25,3738.25,3737,3738.25,230,3737.60543478261,101,129,0.2556,2244516
20221104-052200.000,0,225,3738.25,3739.25,3738.25,3738.75,278,3738.92625899281,107,171,0.2557,2244516
20221104-052300.000,0,138,3738.75,3738.75,3738,3738.75,172,3738.55087209302,98,74,0.2555,2244516
20221104-052400.000,0,172,3738.75,3739.5,3738.5,3739.25,228,3739.10745614035,143,85,0.2557,2244516
20221104-052500.000,0,141,3739.25,3739.25,3738.5,3739.25,190,3738.94605263158,116,74,0.2557,2244516
20221104-052600.000,0,234,3739,3740.25,3739,3740,310,3739.83306451613,82,228,0.2557,2244516
20221104-052700.000,0,136,3739.75,3740,3739,3739.25,199,3739.43467336683,136,63,0.2556,2244516
20221104-052800.000,0,203,3739.25,3739.5,3738.25,3738.25,236,3738.90254237288,144,92,0.2557,2244516
20221104-052900.000,0,122,3738.25,3738.5,3737.75,3738,140,3738.12857142857,71,69,0.2558,2244516
20221104-053000.000,0,142,3738,3738.75,3737.5,3738.25,151,3738.1059602649,70,81,0.2558,2244516
20221104-053100.000,0,146,3738.25,3738.5,3737.25,3737.25,183,3737.8674863388,115,68,0.2558,2244516
20221104-053200.000,0,188,3737.25,3738,3736.75,3737,206,3737.32888349515,115,91,0.2559,2244516
20221104-053300.000,0,133,3736.75,3737.25,3736,3736.5,155,3736.47903225806,97,58,0.2549,2244516
20221104-053400.000,0,124,3736.5,3736.5,3735.75,3736,143,3736.05594405594,71,72,0.2532,2244516
20221104-053500.000,0,109,3736,3736.5,3736,3736.25,119,3736.26470588235,61,58,0.2558,2244516
20221104-053600.000,0,90,3736.5,3737.25,3736.5,3736.75,104,3736.85576923077,27,77,0.2553,2244516
20221104-053700.000,0,81,3736.75,3736.75,3736.25,3736.75,82,3736.53658536585,53,29,0.2547,2244516
20221104-053800.000,0,73,3736.5,3737,3736.5,3737,82,3736.82012195122,34,48,0.2553,2244516
20221104-053900.000,0,117,3737,3738,3736.5,3738,144,3737.28472222222,56,88,0.2551,2244516
20221104-054000.000,0,129,3737.75,3738,3737.25,3737.5,160,3737.64375,93,67,0.2552,2244516
20221104-054100.000,0,94,3737.5,3738,3737.25,3737.5,119,3737.55042016807,66,53,0.2552,2244516
20221104-054200.000,0,159,3737.25,3738.25,3737.25,3738,188,3737.85771276596,61,127,0.2557,2244516
20221104-054300.000,0,115,3738,3739,3738,3738.75,134,3738.47014925373,68,66,0.2557,2244516
20221104-054400.000,0,68,3738.75,3738.75,3738.25,3738.5,76,3738.43421052632,49,27,0.2556,2244516
20221104-054500.000,0,127,3738.25,3738.25,3737,3737.25,141,3737.82092198582,90,51,0.2557,2244516
20221104-054600.000,0,143,3737,3737.25,3735.75,3736.25,162,3736.54012345679,105,57,0.2556,2244516
20221104-054700.000,0,81,3736,3736.75,3736,3736.25,92,3736.34782608696,49,43,0.2539,2244516
20221104-054800.000,0,54,3736.25,3737.5,3736.25,3737.25,54,3736.89351851852,17,37,0.2551,2244516
20221104-054900.000,0,69,3737.25,3738,3737.25,3737.75,74,3737.82094594595,35,39,0.2556,2244516
20221104-055000.000,0,99,3737.5,3737.75,3736.5,3737,115,3737.33695652174,54,61,0.2571,2244516
20221104-055100.000,0,68,3737,3737,3736.25,3736.25,70,3736.72142857143,38,32,0.2533,2244516
20221104-055200.000,0,189,3736.25,3736.75,3735.75,3736,248,3736.16431451613,150,98,0.253,2244516
20221104-055300.000,0,85,3736,3736.75,3735.75,3736.25,95,3736.11315789474,41,54,0.2533,2244516
20221104-055400.000,0,94,3736.25,3736.25,3735.75,3736,117,3736.04700854701,71,46,0.253,2244516
20221104-055500.000,0,169,3736,3736,3735,3735.5,187,3735.70454545455,85,102,0.2529,2244516
20221104-055600.000,0,127,3735.25,3736,3735,3735.5,147,3735.65816326531,63,84,0.253,2244516
20221104-055700.000,0,93,3735.5,3736.5,3735.25,3736,97,3735.82731958763,39,58,0.2566,2244516
20221104-055800.000,0,101,3736.25,3737,3736,3736.25,122,3736.47336065574,65,57,0.2566,2244516
20221104-055900.000,0,415,3736.5,3736.75,3734.25,3734.25,520,3735.20480769231,357,163,0.2568,2244516
20221104-060000.000,0,337,3734.5,3735.25,3733.75,3734,402,3734.54912935323,232,170,0.2573,2244516
20221104-060100.000,0,253,3734,3735.75,3734,3735.5,269,3735.10873605948,102,167,0.2573,2244516
20221104-060200.000,0,142,3735.5,3735.5,3735,3735.5,161,3735.26708074534,98,63,0.2557,2244516
20221104-060300.000,0,109,3735.25,3735.5,3734.5,3734.75,150,3735.07833333333,84,66,0.2571,2244516
20221104-060400.000,0,151,3735,3736.5,3735,3736.25,166,3735.92620481928,42,124,0.2573,2244516
20221104-060500.000,0,171,3736.25,3737.25,3736,3737.25,189,3736.52645502646,81,108,0.257,2244516
20221104-060600.000,0,133,3737.25,3737.25,3736.5,3736.75,159,3736.89622641509,106,53,0.2555,2244516
20221104-060700.000,0,141,3736.75,3738,3736.5,3737.75,167,3737.30988023952,60,107,0.2573,2244516
20221104-060800.000,0,116,3737.75,3738,3736.75,3737,124,3737.42540322581,67,57,0.2547,2244516
20221104-060900.000,0,135,3736.75,3737.25,3736,3737.25,166,3736.64608433735,65,101,0.2534,2244516
20221104-061000.000,0,146,3737.25,3737.75,3737,3737,160,3737.3671875,106,54,0.2574,2244516
20221104-061100.000,0,102,3737,3737,3735.75,3736,110,3736.50227272727,75,35,0.2543,2244516
20221104-061200.000,0,97,3736.25,3737.75,3736.25,3737.5,110,3737.19318181818,24,86,0.2575,2244516
20221104-061300.000,0,118,3737.5,3738.25,3737.25,3738,130,3737.96153846154,34,96,0.2574,2244516
20221104-061400.000,0,119,3738,3738.75,3738,3738.75,129,3738.52519379845,55,74,0.2573,2244516
20221104-061500.000,0,226,3738.75,3740,3738.75,3739.75,267,3739.52247191011,95,172,0.2545,2244516
20221104-061600.000,0,205,3739.75,3740.5,3739.25,3740.25,246,3740.00609756098,85,161,0.2531,2244516
20221104-061700.000,0,109,3740.25,3740.5,3740,3740,113,3740.24336283186,54,59,0.257,2244516
20221104-061800.000,0,95,3740,3740.25,3739,3739.25,106,3739.71462264151,60,46,0.2535,2244516
20221104-061900.000,0,157,3739,3739.5,3738.5,3739,170,3739.01029411765,65,105,0.2538,2244516
20221104-062000.000,0,144,3739,3739.25,3738.5,3739,174,3738.97270114943,59,115,0.2538,2244516
20221104-062100.000,0,86,3739.25,3739.75,3738.75,3739.75,96,3739.23958333333,35,61,0.2558,2244516
20221104-062200.000,0,97,3739.5,3739.75,3739.25,3739.25,103,3739.43932038835,44,59,0.2537,2244516
20221104-062300.000,0,116,3739.25,3739.25,3738.25,3738.25,131,3738.67557251908,87,44,0.2537,2244516
20221104-062400.000,0,200,3738.5,3738.5,3737.5,3737.75,265,3737.91226415094,174,91,0.2535,2244516
20221104-062500.000,0,185,3737.75,3739.75,3737.75,3739.75,202,3738.70915841584,50,152,0.253,2244516
20221104-062600.000,0,149,3739.75,3740.25,3738.75,3739,174,3739.49712643678,103,71,0.2528,2244516
20221104-062700.000,0,71,3739,3740,3739,3739.75,76,3739.58223684211,21,55,0.2531,2244516
20221104-062800.000,0,235,3740,3741,3739.75,3740.75,264,3740.47632575758,87,177,0.2525,2244516
20221104-062900.000,0,111,3740.75,3740.75,3739.25,3739.5,121,3740.05785123967,84,37,0.2547,2244516
20221104-063000.000,0,129,3739.5,3739.5,3738.5,3738.5,145,3738.93448275862,83,62,0.2552,2244516
20221104-063100.000,0,122,3738.5,3738.5,3737.25,3737.5,149,3738.06040268456,105,44,0.2552,2244516
20221104-063200.000,0,175,3737.5,3738,3737.25,3738,206,3737.68203883495,82,124,0.2552,2244516
20221104-063300.000,0,2331,3738,3750,3738,3749.75,3116,3745.08600770218,958,2158,0.2547,2244516
20221104-063400.000,0,2049,3750,3750,3739,3744,2355,3743.63067940552,1362,993,0.251,2244516
20221104-063500.000,0,387,3744,3745.75,3742.75,3745.5,545,3744.28944954128,275,270,0.2515,2244516
20221104-063600.000,0,694,3745.75,3749,3745.75,3747.75,902,3747.705654102,405,497,0.2512,2244516
20221104-063700.000,0,384,3747.75,3748.5,3744.75,3745.5,529,3746.32277882798,318,211,0.2538,2244516
20221104-063800.000,0,165,3745.25,3746,3744.25,3745,200,3745.13,97,103,0.2511,2244516
20221104-063900.000,0,317,3744.75,3746.75,3744.5,3745.5,397,3745.73803526448,133,264,0.2538,2244516
20221104-064000.000,0,135,3745.5,3747.25,3745.25,3747,155,3746.31290322581,67,88,0.251,2244516
20221104-064100.000,0,134,3746.75,3747.5,3745.75,3746,175,3746.64,87,88,0.2509,2244516
20221104-064200.000,0,283,3745.75,3747.25,3745.5,3746.75,313,3746.69888178914,152,161,0.2511,2244516
20221104-064300.000,0,136,3746.5,3747.75,3746.25,3747,167,3746.96107784431,82,85,0.2511,2244516
20221104-064400.000,0,125,3746.75,3746.75,3744.25,3744.75,156,3745.66506410256,117,39,0.2513,2244516
20221104-064500.000,0,99,3744.75,3745.5,3744.75,3745.25,148,3745.1875,47,101,0.2544,2244516
20221104-064600.000,0,82,3745.5,3745.75,3744.5,3744.5,83,3745.11144578313,47,36,0.2541,2244516
20221104-064700.000,0,144,3744.5,3744.75,3743.75,3744.5,167,3744.29640718563,89,78,0.2546,2244516
20221104-064800.000,0,165,3744.25,3744.25,3743,3743.75,223,3743.38228699552,121,102,0.2545,2244516
20221104-064900.000,0,123,3744,3744.25,3743.5,3743.75,133,3744.00939849624,74,59,0.2518,2244516
20221104-065000.000,0,52,3743.75,3744,3743.25,3743.25,53,3743.70283018868,25,28,0.2519,2244516
20221104-065100.000,0,52,3743.25,3743.75,3743,3743.75,53,3743.41981132076,18,35,0.2542,2244516
20221104-065200.000,0,187,3743.75,3745.75,3743.5,3744.75,213,3744.78873239437,104,109,0.2516,2244516
20221104-065300.000,0,129,3744.75,3746.25,3744.25,3746,164,3745.27591463415,45,119,0.2514,2244516
20221104-065400.000,0,97,3746,3747,3746,3747,136,3746.61764705882,43,93,0.2512,2244516
20221104-065500.000,0,223,3747,3747,3745,3745.5,254,3745.88188976378,152,102,0.254,2244516
20221104-065600.000,0,90,3745.25,3746,3745,3745.75,98,3745.72704081633,54,44,0.254,2244516
20221104-065700.000,0,157,3745.75,3746,3744,3745,173,3744.79335260116,107,66,0.2543,2244516
20221104-065800.000,0,84,3744.75,3746,3744.75,3745.75,106,3745.625,32,74,0.2543,2244516
20221104-065900.000,0,242,3746,3747.25,3746,3746.25,289,3746.6678200692,92,197,0.2513,2244516
20221104-070000.000,0,283,3746,3747,3744.5,3745.5,328,3745.82012195122,163,165,0.2541,2244516
20221104-070100.000,0,267,3745.5,3747.25,3745.5,3747,343,3746.33163265306,168,175,0.2541,2244516
20221104-070200.000,0,289,3747,3748.5,3746,3748.25,349,3747.43051575931,132,217,0.2514,2244516
20221104-070300.000,0,157,3748.25,3748.25,3746.5,3748,170,3747.46617647059,93,77,0.2512,2244516
20221104-070400.000,0,142,3748,3748.75,3747.25,3748.75,151,3748.06953642384,76,75,0.2511,2244516
20221104-070500.000,0,160,3748.75,3748.75,3747.5,3747.5,169,3747.95857988166,106,63,0.2511,2244516
20221104-070600.000,0,167,3747.25,3747.5,3746.25,3746.25,184,3746.88858695652,104,80,0.2516,2244516
20221104-070700.000,0,165,3746.25,3746.5,3744.5,3744.75,191,3745.46073298429,114,77,0.2542,2244516
20221104-070800.000,0,253,3744.75,3746,3744.5,3745.25,332,3745.375,183,149,0.2549,2244516
20221104-070900.000,0,164,3745.5,3746,3745,3745.75,181,3745.54419889503,99,82,0.2544,2244516
20221104-071000.000,0,299,3746,3746,3742.5,3742.75,335,3743.96044776119,219,116,0.2543,2244516
20221104-071100.000,0,318,3742.75,3743.5,3740.75,3741.5,353,3741.84844192635,220,133,0.2514,2244516
20221104-071200.000,0,417,3741.5,3742.25,3740.25,3740.25,456,3741.14254385965,253,203,0.2551,2244516
20221104-071300.000,0,227,3740.25,3741,3739.5,3741,280,3740.12232142857,145,135,0.2547,2244516
20221104-071400.000,0,232,3741.25,3741.75,3739.75,3739.75,257,3740.78307392996,169,88,0.2543,2244516
20221104-071500.000,0,191,3739.75,3740.75,3739.5,3739.75,198,3740.07828282828,96,102,0.2551,2244516
20221104-071600.000,0,136,3740,3740.5,3739,3740.25,149,3739.67953020134,72,77,0.2559,2244516
20221104-071700.000,0,106,3740.25,3740.75,3739.5,3740.25,114,3740.24561403509,57,57,0.2551,2244516
20221104-071800.000,0,89,3740.5,3740.5,3739.75,3740,100,3740.1275,63,37,0.2555,2244516
20221104-071900.000,0,209,3740,3740,3738,3738.25,231,3738.75865800866,127,104,0.2562,2244516
20221104-072000.000,0,201,3738.75,3739.5,3738,3739.25,210,3738.7130952381,107,103,0.2562,2244516
20221104-072100.000,0,182,3739.75,3740.5,3739,3740.25,198,3739.47601010101,98,100,0.2554,2244516
20221104-072200.000,0,132,3740.25,3740.75,3739.5,3739.5,140,3740.09821428571,88,52,0.2526,2244516
20221104-072300.000,0,125,3739.75,3740.25,3738.75,3738.75,133,3739.3477443609,99,34,0.2549,2244516
20221104-072400.000,0,271,3738.75,3739,3736.75,3737.5,308,3737.53896103896,184,124,0.255,2244516
20221104-072500.000,0,163,3737.75,3738.5,3737.25,3737.5,173,3737.7789017341,100,73,0.255,2244516
20221104-072600.000,0,253,3737.5,3738,3736,3737.25,279,3736.75627240143,180,99,0.2524,2244516
20221104-072700.000,0,184,3737,3737.75,3736.25,3737,210,3736.99404761905,150,60,0.2526,2244516
20221104-072800.000,0,182,3737,3737.25,3735.75,3736.25,201,3736.34577114428,103,98,0.2527,2244516
20221104-072900.000,0,199,3736,3737.5,3735.5,3737,219,3736.54452054795,100,119,0.2528,2244516
20221104-073000.000,0,260,3736.5,3736.75,3735.25,3735.5,276,3736.04800724638,172,104,0.2528,2244516
20221104-073100.000,0,237,3735.5,3736.5,3735.25,3736,269,3735.88661710037,136,133,0.2526,2244516
20221104-073200.000,0,233,3736.5,3738.25,3736.25,3738,274,3737.53010948905,84,190,0.2526,2244516
20221104-073300.000,0,209,3737.5,3738,3736.25,3737.25,214,3737.01985981308,122,92,0.2525,2244516
20221104-073400.000,0,217,3737.25,3739.25,3737.25,3739.25,245,3738.18265306122,93,152,0.2525,2244516
20221104-073500.000,0,444,3739,3741,3739,3740.25,522,3740.17672413793,206,316,0.2525,2244516
20221104-073600.000,0,370,3740.25,3742,3740,3741.5,406,3741.22844827586,155,251,0.2523,2244516
20221104-073700.000,0,325,3741.5,3742.5,3740,3740.25,349,3741.46991404011,167,182,0.2522,2244516
20221104-073800.000,0,1417,3740.5,3740.75,3736,3737.25,1694,3737.55106257379,978,716,0.254,2244516
20221104-073900.000,0,355,3737.25,3738.25,3734.25,3735.25,432,3735.81655092593,277,155,0.254,2244516
20221104-074000.000,0,157,3735.25,3736.75,3735.25,3736.75,178,3735.97893258427,73,105,0.2523,2244516
20221104-074100.000,0,155,3736.5,3737.75,3735.75,3737.25,173,3736.97976878613,79,94,0.2522,2244516
20221104-074200.000,0,295,3737.25,3737.5,3734.75,3735,328,3735.9824695122,193,135,0.2541,2244516
20221104-074300.000,0,174,3735,3735.5,3734.5,3735,193,3734.97538860104,114,79,0.2538,2244516
20221104-074400.000,0,160,3735,3736.75,3734.75,3736,173,3735.80780346821,89,84,0.2536,2244516
20221104-074500.000,0,210,3736.25,3736.5,3734.75,3735.75,218,3735.625,108,110,0.2522,2244516
20221104-074600.000,0,181,3735.5,3736.25,3735.25,3735.5,199,3735.67462311558,92,107,0.2524,2244516
20221104-074700.000,0,228,3735.5,3735.5,3733.75,3734.5,252,3734.48412698413,159,93,0.2541,2244516
20221104-074800.000,0,343,3734.5,3734.75,3732.75,3734.5,392,3733.7174744898,228,164,0.2542,2244516
20221104-074900.000,0,184,3734.5,3735.25,3734.25,3734.5,198,3734.73863636364,95,103,0.2536,2244516
20221104-075000.000,0,156,3734.25,3734.75,3733.75,3733.75,193,3734.18652849741,131,62,0.2539,2244516
20221104-075100.000,0,271,3734,3735,3733.25,3734.5,290,3734.05431034483,148,142,0.2541,2244516
20221104-075200.000,0,391,3734.5,3734.75,3731.75,3732,457,3732.92013129103,302,155,0.2537,2244516
20221104-075300.000,0,251,3732.25,3733.25,3731.75,3732.5,270,3732.39444444444,126,144,0.2545,2244516
20221104-075400.000,0,384,3732.75,3735.25,3732,3735,427,3733.8331381733,129,298,0.2545,2244516
20221104-075500.000,0,368,3735,3737,3734,3734.25,402,3735.78482587065,176,226,0.2524,2244516
20221104-075600.000,0,245,3734.25,3734.25,3732,3732.5,279,3733.04569892473,174,105,0.254,2244516
20221104-075700.000,0,141,3732.25,3733.5,3732.25,3733.25,147,3732.92346938776,54,93,0.2542,2244516
20221104-075800.000,0,321,3733.25,3735,3733.25,3733.5,355,3734.08309859155,151,204,0.2528,2244516
20221104-075900.000,0,268,3733.25,3735,3733.25,3734.5,284,3734.09066901408,129,155,0.2529,2244516
20221104-080000.000,0,974,3734.25,3735.75,3732.5,3735.5,1128,3734.29742907801,487,641,0.2529,2244516
20221104-080100.000,0,794,3735.5,3737.75,3734.5,3735,889,3736.01659167604,421,468,0.2525,2244516
20221104-080200.000,0,820,3734.75,3739,3734.75,3738.25,975,3737.5417948718,498,477,0.2525,2244516
20221104-080300.000,0,656,3738.25,3738.75,3736.75,3736.75,769,3737.88394018205,424,345,0.2536,2244516
20221104-080400.000,0,348,3736.5,3738.25,3736.25,3738,417,3737.26798561151,158,259,0.2536,2244516
20221104-080500.000,0,474,3738,3739.75,3737.75,3739.75,562,3738.746886121,247,315,0.2523,2244516
20221104-080600.000,0,533,3739.5,3740.5,3739,3740,626,3739.7875399361,288,338,0.2524,2244516
20221104-080700.000,0,306,3740,3740,3738.75,3739.75,349,3739.4111747851,179,170,0.2525,2244516
20221104-080800.000,0,404,3739.75,3739.75,3738,3738.5,487,3738.86960985626,305,182,0.2525,2244516
20221104-080900.000,0,620,3738.75,3741.25,3738.75,3740.5,724,3739.99965469613,303,421,0.2525,2244516
20221104-081000.000,0,515,3740.75,3741.25,3739,3739.25,635,3740.24645669291,335,300,0.2523,2244516
20221104-081100.000,0,368,3739.25,3742,3739,3741.75,422,3740.18779620853,173,249,0.2537,2244516
20221104-081200.000,0,430,3741.5,3742.75,3741,3742.25,489,3741.87065439673,234,255,0.2522,2244516
20221104-081300.000,0,653,3742.25,3744,3741.5,3743.25,785,3743.03248407643,350,435,0.2522,2244516
20221104-081400.000,0,467,3743,3744.75,3742.75,3744.5,538,3743.58689591078,241,297,0.2534,2244516
20221104-081500.000,0,478,3744.5,3745,3742.25,3742.5,558,3743.34722222222,287,271,0.2522,2244516
20221104-081600.000,0,385,3742.75,3742.75,3740.5,3740.75,427,3742.03981264637,246,181,0.2536,2244516
20221104-081700.000,0,382,3740.75,3742.75,3740.75,3741.75,402,3741.95024875622,175,227,0.2534,2244516
20221104-081800.000,0,266,3741.5,3743,3741.25,3742.25,291,3742.08762886598,160,131,0.2536,2244516
20221104-081900.000,0,378,3742.25,3742.5,3740.25,3741,509,3741.43860510806,224,285,0.2535,2244516
20221104-082000.000,0,272,3741,3741.5,3739.5,3739.5,327,3740.59862385321,214,113,0.2523,2244516
20221104-082100.000,0,286,3739.5,3740,3738.25,3739.25,363,3739.20385674931,201,162,0.2538,2244516
20221104-082200.000,0,199,3739,3739.5,3738.25,3739.25,216,3738.8587962963,102,114,0.2537,2244516
20221104-082300.000,0,182,3739.25,3741.25,3739.25,3740.25,215,3740.38255813954,93,122,0.2521,2244516
20221104-082400.000,0,171,3740.25,3741,3739.75,3740.25,209,3740.26315789474,112,97,0.2534,2244516
20221104-082500.000,0,343,3740.25,3741.75,3739.25,3739.75,362,3740.65814917127,164,198,0.252,2244516
20221104-082600.000,0,187,3740,3740.25,3739.25,3740,198,3739.68181818182,90,108,0.2531,2244516
20221104-082700.000,0,253,3740,3741,3739.75,3740.25,286,3740.63548951049,124,162,0.2521,2244516
20221104-082800.000,0,172,3740.5,3741,3740,3740.25,196,3740.55994897959,92,104,0.2519,2244516
20221104-082900.000,0,277,3740.25,3740.25,3738.5,3739,322,3739.32453416149,165,157,0.2531,2244516
20221104-083000.000,0,386,3738.75,3739.25,3737.25,3738,456,3738.0350877193,208,248,0.2533,2244516
20221104-083100.000,0,271,3738,3738.25,3737,3737.25,323,3737.76083591331,161,162,0.2536,2244516
20221104-083200.000,0,236,3737.25,3738.5,3737,3737.5,275,3737.77090909091,125,150,0.2538,2244516
20221104-083300.000,0,260,3737.5,3737.5,3736.5,3737.25,364,3736.98901098901,196,168,0.2537,2244516
20221104-083400.000,0,214,3737.25,3737.5,3736,3736.75,246,3736.79268292683,140,106,0.253,2244516
20221104-083500.000,0,392,3736.75,3738.75,3736.75,3737,464,3737.74622844828,215,249,0.2522,2244516
20221104-083600.000,0,135,3737.25,3737.5,3736.5,3737,150,3736.8,68,82,0.253,2244516
20221104-083700.000,0,187,3736.75,3737.75,3736.25,3736.5,211,3737.06161137441,117,94,0.252,2244516
20221104-083800.000,0,288,3736.25,3737.25,3735.5,3736.5,321,3736.3722741433,183,138,0.2536,2244516
20221104-083900.000,0,204,3736.5,3736.75,3736,3736.25,241,3736.44605809129,119,122,0.2533,2244516
20221104-084000.000,0,240,3736.5,3737,3736.25,3736.75,287,3736.75087108014,155,132,0.2533,2244516
20221104-084100.000,0,192,3736.75,3737.5,3736.5,3737.25,237,3736.91666666667,113,124,0.2532,2244516
20221104-084200.000,0,352,3737.25,3739.75,3737.25,3739.25,404,3738.6478960396,143,261,0.2519,2244516
20221104-084300.000,0,341,3739.25,3741,3739,3741,405,3740.12839506173,180,225,0.2518,2244516
20221104-084400.000,0,351,3740.75,3741.75,3740.25,3741.25,419,3741.01193317422,227,192,0.2513,2244516
20221104-084500.000,0,288,3741.25,3741.75,3739.75,3741.25,341,3740.90982404692,182,159,0.2514,2244516
20221104-084600.000,0,249,3741,3741.25,3740.25,3741.25,284,3740.82746478873,155,129,0.2513,2244516
20221104-084700.000,0,296,3741,3741.25,3739.5,3739.5,324,3740.32793209877,188,136,0.251,2244516
20221104-084800.000,0,255,3739.25,3739.5,3738.25,3738.5,299,3738.73913043478,167,132,0.2513,2244516
20221104-084900.000,0,239,3738.5,3738.5,3737.25,3738.25,296,3737.93918918919,169,127,0.2526,2244516
20221104-085000.000,0,390,3738.25,3739,3737,3738.75,434,3737.93375576037,220,214,0.2528,2244516
20221104-085100.000,0,195,3738.5,3740,3738.5,3739.75,220,3739.05909090909,96,124,0.2524,2244516
20221104-085200.000,0,210,3739.75,3740,3739,3739,228,3739.47697368421,128,100,0.2512,2244516
20221104-085300.000,0,130,3739,3739.5,3738.5,3739.25,141,3739.01418439716,82,59,0.252,2244516
20221104-085400.000,0,179,3739.25,3740.75,3739.25,3740.25,236,3739.85275423729,106,130,0.2511,2244516
20221104-085500.000,0,153,3740,3740.75,3739.75,3740.25,167,3740.17065868264,84,83,0.251,2244516
20221104-085600.000,0,150,3740.25,3740.75,3740,3740.75,160,3740.3953125,78,82,0.251,2244516
20221104-085700.000,0,1352,3740.75,3745.25,3740.75,3744,1826,3743.85829682366,767,1059,0.2509,2244516
20221104-085800.000,0,415,3744,3746.25,3744,3745.75,490,3745.16428571429,185,305,0.2508,2244516
20221104-085900.000,0,308,3745.75,3746,3744.25,3745.75,383,3744.92232375979,206,177,0.2506,2244516
20221104-090000.000,0,644,3745.5,3747.25,3745.5,3746.75,823,3746.6227217497,305,518,0.2505,2244516
20221104-090100.000,0,637,3746.75,3748.25,3746.5,3747.5,733,3747.59379263302,369,364,0.2503,2244516
20221104-090200.000,0,544,3747.5,3748.25,3745.5,3746.75,650,3746.86653846154,349,301,0.2506,2244516
20221104-090300.000,0,321,3746.75,3747,3745.25,3745.5,370,3745.93040540541,226,144,0.2519,2244516
20221104-090400.000,0,189,3745.5,3746.25,3745.5,3745.5,228,3745.90021929825,108,120,0.2518,2244516
20221104-090500.000,0,450,3745.5,3746.25,3744.25,3744.75,525,3745.13190476191,309,216,0.252,2244516
20221104-090600.000,0,347,3744.75,3745.25,3743.75,3744.25,394,3744.57360406091,220,174,0.2518,2244516
20221104-090700.000,0,259,3744.25,3745.25,3744.25,3745,317,3744.54022082019,161,156,0.2519,2244516
20221104-090800.000,0,287,3745,3746,3744.75,3745.75,342,3745.08333333333,164,178,0.2516,2244516
20221104-090900.000,0,317,3745.75,3746.75,3744,3744.5,370,3745.60810810811,207,163,0.2507,2244516
20221104-091000.000,0,297,3744.25,3746,3743.75,3746,402,3744.61691542289,164,238,0.2517,2244516
20221104-091100.000,0,190,3745.75,3745.75,3744.75,3745,220,3745.29659090909,132,88,0.2512,2244516
20221104-091200.000,0,175,3745,3746.75,3745,3746.5,199,3745.87939698493,64,135,0.2521,2244516
20221104-091300.000,0,196,3746.25,3746.75,3746,3746,209,3746.21770334928,101,108,0.2507,2244516
20221104-091400.000,0,207,3745.75,3747.5,3745.75,3747.5,264,3746.73295454545,117,147,0.2506,2244516
20221104-091500.000,0,761,3747.5,3750,3747.25,3750,1057,3748.78878902554,366,691,0.2504,2244516
20221104-091600.000,0,2603,3749.75,3756.5,3748.75,3755.75,3537,3752.45186598813,1155,2382,0.2502,2244516
20221104-091700.000,0,4310,3755.75,3757.5,3749.75,3753,5185,3753.3693828351,2744,2441,0.2505,2244516
20221104-091800.000,0,898,3753,3756.25,3751.75,3755.5,1113,3754.05660377359,391,722,0.2506,2244516
20221104-091900.000,0,586,3755.5,3756,3753.5,3754.5,750,3754.89466666667,363,387,0.2513,2244516
20221104-092000.000,0,910,3754.25,3756,3754,3756,1220,3754.98258196721,582,638,0.2513,2244516
20221104-092100.000,0,547,3756,3756.25,3751.75,3752,736,3753.92391304348,481,255,0.2503,2244516
20221104-092200.000,0,698,3752,3752.5,3750.5,3751.25,877,3751.47491448119,513,364,0.2518,2244516
20221104-092300.000,0,682,3751.5,3754,3751,3753.25,882,3752.28344671202,383,499,0.2502,2244516
20221104-092400.000,0,470,3753,3753.75,3752,3752.75,582,3752.82603092784,303,279,0.2501,2244516
20221104-092500.000,0,399,3753,3754.5,3752.5,3754.25,516,3753.57218992248,192,324,0.2515,2244516
20221104-092600.000,0,232,3754,3754.75,3753.5,3753.75,262,3754.14026717557,148,114,0.2495,2244516
20221104-092700.000,0,289,3753.75,3754.25,3752.25,3752.5,383,3753.43603133159,247,136,0.2509,2244516
20221104-092800.000,0,329,3752.5,3754,3752.5,3753.5,424,3753.22405660377,182,242,0.2508,2244516
20221104-092900.000,0,175,3753.75,3753.75,3752.5,3753,205,3752.83170731707,92,113,0.2509,2244516
20221104-093000.000,0,323,3752.75,3753.75,3752,3753.75,355,3752.89436619718,144,211,0.251,2244516
20221104-093100.000,0,409,3754,3754.25,3751.5,3752.25,480,3752.5578125,287,193,0.2509,2244516
20221104-093200.000,0,215,3752.25,3752.75,3752,3752.75,244,3752.25922131148,114,130,0.2509,2244516
20221104-093300.000,0,222,3752.75,3753.25,3752,3752.25,266,3752.42481203008,123,143,0.2509,2244516
20221104-093400.000,0,471,3752,3752.75,3751.75,3752.25,546,3752.19963369963,264,282,0.2509,2244516
20221104-093500.000,0,349,3752,3753.75,3752,3752.75,408,3752.78370098039,188,220,0.2494,2244516
20221104-093600.000,0,212,3753,3753.25,3751,3751.25,240,3752.21041666667,162,78,0.2508,2244516
20221104-093700.000,0,165,3751.5,3751.75,3750.75,3751.75,181,3751.25414364641,90,91,0.2511,2244516
20221104-093800.000,0,324,3751.5,3752.5,3751,3751.75,354,3751.62923728814,176,178,0.2511,2244516
20221104-093900.000,0,231,3751.75,3752.25,3751.25,3751.75,257,3751.58463035019,131,126,0.2512,2244516
20221104-094000.000,0,154,3751.5,3752.5,3751.5,3751.75,164,3752.03658536585,85,79,0.251,2244516
20221104-094100.000,0,202,3751.75,3753.5,3751.75,3753.25,218,3752.47018348624,94,124,0.2509,2244516
20221104-094200.000,0,209,3753.25,3753.25,3752.25,3753,229,3752.76419213974,108,121,0.2507,2244516
20221104-094300.000,0,92,3753,3753.25,3752.5,3753,97,3752.80154639175,47,50,0.2504,2244516
20221104-094400.000,0,242,3752.75,3754.5,3752.75,3754.25,280,3753.90446428571,88,192,0.249,2244516
20221104-094500.000,0,352,3754,3754.5,3752.75,3753.25,449,3753.60077951002,228,221,0.249,2244516
20221104-094600.000,0,135,3753.25,3753.5,3752.25,3752.75,159,3753.14779874214,85,74,0.2489,2244516
20221104-094700.000,0,213,3752.5,3754.25,3752,3753.75,228,3752.99342105263,90,138,0.2506,2244516
20221104-094800.000,0,109,3754,3754.25,3753.25,3753.25,121,3753.80991735537,61,60,0.2488,2244516
20221104-094900.000,0,122,3753.5,3753.5,3752.75,3753.5,136,3753.28492647059,56,80,0.2489,2244516
20221104-095000.000,0,238,3753.75,3754.25,3752,3753,268,3753.07835820896,167,101,0.2488,2244516
20221104-095100.000,0,285,3753,3753.25,3751.75,3753,315,3752.43015873016,161,154,0.2505,2244516
20221104-095200.000,0,363,3753,3753.25,3752.25,3752.25,607,3752.93245469522,284,323,0.249,2244516
20221104-095300.000,0,225,3752.25,3753,3751.25,3751.5,256,3752.1357421875,155,101,0.2504,2244516
20221104-095400.000,0,309,3751.5,3752,3750.75,3752,397,3751.25818639799,203,194,0.2504,2244516
20221104-095500.000,0,121,3752,3753,3751.75,3752.5,124,3752.22580645161,59,65,0.249,2244516
20221104-095600.000,0,148,3752.5,3753.75,3752.5,3753.75,176,3752.99005681818,58,118,0.2488,2244516
20221104-095700.000,0,216,3753.5,3753.75,3752.5,3753.5,255,3753.11764705882,123,132,0.2488,2244516
20221104-095800.000,0,240,3753.5,3753.5,3752.25,3752.75,272,3752.88327205882,175,97,0.2486,2244516
20221104-095900.000,0,277,3753,3753.75,3752,3752,326,3752.83665644172,150,176,0.2488,2244516
20221104-100000.000,0,375,3751.75,3752.5,3751,3751.25,475,3751.57052631579,226,249,0.2502,2244516
20221104-100100.000,0,353,3751.25,3751.5,3750,3750.5,409,3750.78056234719,227,182,0.2509,2244516
20221104-100200.000,0,219,3750.75,3752.5,3750.5,3752.5,237,3751.55274261603,80,157,0.2506,2244516
20221104-100300.000,0,443,3752.25,3755.5,3752.25,3755,554,3754.46886281588,186,368,0.2489,2244516
20221104-100400.000,0,293,3754.75,3755.5,3754.25,3754.75,338,3754.79585798817,175,163,0.249,2244516
20221104-100500.000,0,285,3754.5,3754.5,3752.75,3753,355,3753.38732394366,164,191,0.2493,2244516
20221104-100600.000,0,261,3753,3753,3751.5,3752,329,3751.94756838906,192,137,0.2506,2244516
20221104-100700.000,0,348,3752.25,3753,3750.75,3750.75,446,3752.05437219731,245,201,0.2496,2244516
20221104-100800.000,0,220,3751,3751.75,3750.5,3751.5,293,3751.16552901024,125,168,0.2509,2244516
20221104-100900.000,0,423,3751.5,3751.5,3748.75,3749.5,490,3749.66530612245,275,215,0.2511,2244516
20221104-101000.000,0,230,3749.5,3750,3749,3750,260,3749.54903846154,135,125,0.2508,2244516
20221104-101100.000,0,151,3749.75,3749.75,3748.5,3748.5,174,3749.06752873563,126,48,0.2511,2244516
20221104-101200.000,0,231,3748.75,3749.5,3748.25,3749.25,270,3748.88333333333,132,138,0.2513,2244516
20221104-101300.000,0,186,3749.25,3749.5,3749,3749,204,3749.20343137255,123,81,0.2512,2244516
20221104-101400.000,0,278,3749.25,3750,3748.5,3749.75,330,3749.31742424242,156,174,0.2513,2244516
20221104-101500.000,0,552,3750,3750,3748.75,3749,698,3749.35243553009,364,334,0.2515,2244516
20221104-101600.000,0,329,3749.25,3750,3748.5,3750,373,3749.3163538874,178,195,0.2517,2244516
20221104-101700.000,0,192,3750,3750.25,3749.5,3750,226,3749.92809734513,136,90,0.2499,2244516
20221104-101800.000,0,229,3750,3751,3749.5,3751,326,3750.22392638037,144,182,0.25,2244516
20221104-101900.000,0,253,3750.75,3752.25,3750.25,3752,305,3751.49918032787,99,206,0.2498,2244516
20221104-102000.000,0,431,3752,3753.75,3751.5,3753.25,491,3752.69297352342,167,324,0.2497,2244516
20221104-102100.000,0,392,3753.25,3755,3753,3753.75,456,3754.21326754386,205,251,0.2496,2244516
20221104-102200.000,0,338,3753.75,3754,3752.5,3752.5,474,3753.16666666667,229,245,0.2514,2244516
20221104-102300.000,0,146,3752.5,3754.75,3752.5,3753.75,171,3754.01900584795,71,100,0.2497,2244516
20221104-102400.000,0,211,3753.75,3754.5,3753.5,3754,239,3753.99372384937,122,117,0.2497,2244516
20221104-102500.000,0,164,3754,3754,3753,3753.5,179,3753.54469273743,97,82,0.2497,2244516
20221104-102600.000,0,186,3753.5,3753.5,3752,3752.5,220,3752.66704545455,130,90,0.2497,2244516
20221104-102700.000,0,163,3752.5,3753.5,3752.25,3753,189,3753.04100529101,82,107,0.2513,2244516
20221104-102800.000,0,108,3753,3753.25,3752.5,3753,117,3752.91025641026,57,60,0.2514,2244516
20221104-102900.000,0,203,3753,3754.75,3753,3753.75,238,3753.97584033613,111,127,0.2497,2244516
20221104-103000.000,0,227,3753.75,3755,3753.75,3754.5,247,3754.51619433198,89,158,0.2496,2244516
20221104-103100.000,0,90,3754.5,3754.75,3754.25,3754.5,103,3754.56796116505,52,51,0.2495,2244516
20221104-103200.000,0,208,3754.5,3754.75,3754.25,3754.75,223,3754.65470852018,105,118,0.2495,2244516
20221104-103300.000,0,270,3754.75,3755.75,3754.5,3754.75,318,3755.15801886792,122,196,0.2494,2244516
20221104-103400.000,0,184,3754.75,3755.75,3754.25,3755.75,209,3754.98205741627,73,136,0.2495,2244516
20221104-103500.000,0,295,3755.5,3756,3754.75,3755.75,351,3755.42022792023,175,176,0.2495,2244516
20221104-103600.000,0,326,3755.75,3756.5,3755,3756.5,384,3755.63151041667,187,197,0.2494,2244516
20221104-103700.000,0,403,3756.25,3757.5,3756.25,3757,473,3756.97410147992,179,294,0.2506,2244516
20221104-103800.000,0,295,3757,3757.75,3756.75,3757.5,334,3757.18038922156,131,203,0.2498,2244516
20221104-103900.000,0,399,3757.5,3758.5,3757,3757.75,503,3757.85387673956,244,259,0.2493,2244516
20221104-104000.000,0,494,3757.5,3757.75,3756,3757,636,3756.71698113208,354,282,0.2493,2244516
20221104-104100.000,0,134,3757,3757,3756.25,3756.75,142,3756.66373239437,75,67,0.2509,2244516
20221104-104200.000,0,137,3756.5,3756.75,3756.25,3756.5,151,3756.55629139073,60,91,0.2508,2244516
20221104-104300.000,0,172,3756.5,3756.75,3755.75,3755.75,209,3756.32296650718,137,72,0.2509,2244516
20221104-104400.000,0,128,3755.75,3757,3755.5,3757,137,3756.2299270073,56,81,0.251,2244516
20221104-104500.000,0,216,3756.5,3757.25,3756.5,3757,242,3756.8729338843,110,132,0.2509,2244516
20221104-104600.000,0,197,3757,3757.75,3756.75,3757.5,248,3757.17641129032,117,131,0.2493,2244516
20221104-104700.000,0,296,3757.75,3758.25,3757.5,3758,355,3757.8985915493,140,215,0.2493,2244516
20221104-104800.000,0,383,3757.75,3758.5,3757.25,3757.75,471,3757.89384288747,226,245,0.2492,2244516
20221104-104900.000,0,306,3757.5,3757.75,3756.5,3757.25,376,3757.03656914894,223,153,0.2507,2244516
20221104-105000.000,0,704,3757.5,3759.75,3757.25,3759.75,862,3758.60643851508,284,578,0.2493,2244516
20221104-105100.000,0,842,3759.75,3761,3758.5,3759.5,1040,3759.97548076923,466,574,0.2506,2244516
20221104-105200.000,0,179,3759.5,3759.75,3759,3759.25,200,3759.385,116,84,0.2502,2244516
20221104-105300.000,0,212,3759.25,3760,3758.75,3759,256,3759.2744140625,133,123,0.2496,2244516
20221104-105400.000,0,271,3759,3760,3758.5,3759.75,316,3759.12816455696,143,173,0.2509,2244516
20221104-105500.000,0,430,3759.75,3760.5,3759,3759.25,493,3759.78651115619,247,246,0.2507,2244516
20221104-105600.000,0,186,3759.25,3759.5,3758.25,3759,211,3758.84952606635,122,89,0.2509,2244516
20221104-105700.000,0,429,3759.25,3759.5,3757.75,3758,487,3758.39476386037,297,190,0.251,2244516
20221104-105800.000,0,224,3758,3758.75,3757.75,3758,277,3757.98646209386,133,144,0.2511,2244516
20221104-105900.000,0,391,3758,3758.75,3757,3758,513,3758.08089668616,285,228,0.2511,2244516
20221104-110000.000,0,581,3758,3758,3754.5,3754.75,633,3755.98301737757,405,228,0.2511,2244516
20221104-110100.000,0,441,3754.75,3755.25,3754,3755,525,3754.67523809524,296,229,0.2511,2244516
20221104-110200.000,0,360,3755,3755.5,3754.25,3754.5,401,3754.96321695761,192,209,0.2509,2244516
20221104-110300.000,0,358,3754.5,3755.5,3754.5,3755.25,419,3755.17124105012,192,227,0.251,2244516
20221104-110400.000,0,287,3755.25,3756.5,3755,3756.25,315,3755.7373015873,138,177,0.2505,2244516
20221104-110500.000,0,421,3756.25,3757.75,3756.25,3756.75,511,3756.91291585127,216,295,0.2493,2244516
20221104-110600.000,0,230,3756.5,3758,3756.5,3757.25,262,3757.125,95,167,0.2493,2244516
20221104-110700.000,0,260,3757.25,3758,3756.5,3757,324,3757.29861111111,185,139,0.2492,2244516
20221104-110800.000,0,268,3757,3757,3755.25,3755.5,307,3755.84853420195,169,138,0.2494,2244516
20221104-110900.000,0,6085,3755.75,3766.25,3754.75,3759.5,7252,3761.80953530061,3190,4062,0.2512,2244516
20221104-111000.000,0,1704,3759.5,3761.75,3756.5,3761,1961,3759.45563488016,948,1013,0.2493,2244516
20221104-111100.000,0,805,3760.75,3761.75,3758.5,3758.5,921,3760.24674267101,563,358,0.2493,2244516
20221104-111200.000,0,763,3758.75,3759.75,3757.25,3757.75,856,3758.25438084112,515,341,0.2509,2244516
20221104-111300.000,0,552,3757.75,3759.25,3757.5,3759.25,653,3758.47396630934,283,370,0.251,2244516
20221104-111400.000,0,503,3759.25,3759.25,3757.25,3757.5,563,3758.07371225577,343,220,0.2512,2244516
20221104-111500.000,0,458,3757.75,3758.25,3756.5,3757.25,545,3757.26559633028,270,275,0.2508,2244516
20221104-111600.000,0,476,3757.25,3758.75,3757.25,3758.25,560,3758.046875,319,241,0.2512,2244516
20221104-111700.000,0,305,3758,3758.5,3757.5,3758.5,328,3758.09222560976,172,156,0.2516,2244516
20221104-111800.000,0,358,3758.5,3759.25,3757.25,3758,429,3758.53787878788,203,226,0.2497,2244516
20221104-111900.000,0,272,3758,3758.5,3757,3757,297,3757.85942760943,177,120,0.2515,2244516
20221104-112000.000,0,267,3757,3758.5,3756.5,3758.25,286,3757.56206293706,110,176,0.2517,2244516
20221104-112100.000,0,328,3758.25,3759.5,3757.75,3757.75,382,3758.7414921466,183,199,0.2517,2244516
20221104-112200.000,0,248,3758,3758.5,3756.75,3757,288,3757.55208333333,179,109,0.2519,2244516
20221104-112300.000,0,362,3757.25,3758.25,3756.5,3756.5,441,3757.26700680272,253,188,0.2522,2244516
20221104-112400.000,0,468,3756.5,3756.75,3755.25,3756.25,620,3755.85080645161,275,345,0.2522,2244516
20221104-112500.000,0,250,3756.25,3756.75,3755.75,3756.5,273,3756.19139194139,125,148,0.252,2244516
20221104-112600.000,0,476,3756.75,3756.75,3754.75,3755.25,540,3755.3375,322,218,0.2524,2244516
20221104-112700.000,0,261,3755.5,3756.25,3754.75,3755,290,3755.63189655172,158,132,0.2501,2244516
20221104-112800.000,0,325,3755,3755.75,3753.75,3754,366,3754.65027322404,244,122,0.2498,2244516
20221104-112900.000,0,266,3754.25,3755.25,3754,3754.5,318,3754.55896226415,140,178,0.2519,2244516
20221104-113000.000,0,358,3754.5,3756,3754.25,3754.25,414,3754.95289855072,237,177,0.2496,2244516
20221104-113100.000,0,277,3754.25,3755,3754,3754.5,335,3754.50373134328,158,177,0.252,2244516
20221104-113200.000,0,335,3754.5,3756,3754.5,3755.75,409,3755.43948655257,201,208,0.2496,2244516
20221104-113300.000,0,200,3755.75,3756.25,3755.25,3756,224,3755.76004464286,100,124,0.2494,2244516
20221104-113400.000,0,358,3756.25,3756.5,3755,3755.25,443,3755.89841986456,261,182,0.2494,2244516
20221104-113500.000,0,196,3755.5,3755.5,3754.75,3754.75,236,3755.1186440678,125,111,0.2516,2244516
20221104-113600.000,0,304,3754.5,3755,3753.5,3753.5,342,3754.21271929825,216,126,0.2517,2244516
20221104-113700.000,0,348,3753.5,3754.5,3753.25,3753.75,418,3753.65909090909,213,205,0.2519,2244516
20221104-113800.000,0,279,3753.75,3755.25,3753.5,3753.75,340,3754.33676470588,174,166,0.2518,2244516
20221104-113900.000,0,159,3754,3754.5,3754,3754.25,163,3754.16871165644,91,72,0.2519,2244516
20221104-114000.000,0,339,3754.25,3754.5,3752.5,3753.25,425,3753.18352941176,212,213,0.2522,2244516
20221104-114100.000,0,236,3753.5,3754.5,3753.25,3754,273,3753.93315018315,97,176,0.2522,2244516
20221104-114200.000,0,271,3754.25,3754.25,3753,3753.5,334,3753.61526946108,169,165,0.2522,2244516
20221104-114300.000,0,186,3753.5,3753.75,3752.75,3753,199,3753.2148241206,125,74,0.2521,2244516
20221104-114400.000,0,392,3753,3753.5,3752,3752.75,467,3752.79175588865,258,209,0.2522,2244516
20221104-114500.000,0,434,3753,3754,3752.75,3753.25,529,3753.547731569,291,238,0.2501,2244516
20221104-114600.000,0,335,3753.25,3755,3753,3754.5,395,3754.25316455696,138,257,0.2518,2244516
20221104-114700.000,0,320,3754.75,3754.75,3753,3753.25,348,3753.64655172414,213,135,0.2518,2244516
20221104-114800.000,0,342,3753.25,3753.75,3752.75,3753.75,379,3753.15831134565,233,146,0.2518,2244516
20221104-114900.000,0,244,3753.5,3754,3753,3753.5,283,3753.62720848057,149,134,0.2501,2244516
20221104-115000.000,0,418,3753.75,3754.5,3753,3754,477,3753.57442348008,248,229,0.2516,2244516
20221104-115100.000,0,449,3753.75,3754.75,3753.25,3754,617,3753.85737439222,315,302,0.251,2244516
20221104-115200.000,0,746,3754,3757.25,3754,3757,1037,3755.71432015429,441,596,0.2495,2244516
20221104-115300.000,0,492,3757,3758.75,3756.75,3757.75,577,3757.91767764298,222,355,0.2492,2244516
20221104-115400.000,0,703,3758,3759.75,3758,3759,894,3758.84927293065,365,529,0.2493,2244516
20221104-115500.000,0,431,3759,3759.5,3758.5,3759.5,534,3759.10533707865,238,296,0.2491,2244516
20221104-115600.000,0,461,3759.25,3760,3758.75,3758.75,597,3759.43927973199,301,296,0.2492,2244516
20221104-115700.000,0,473,3759,3759.75,3757.75,3758.25,647,3759.09350850077,345,302,0.249,2244516
20221104-115800.000,0,343,3758.25,3759,3757.75,3759,420,3758.22976190476,235,185,0.249,2244516
20221104-115900.000,0,400,3759,3759.25,3758,3759.25,460,3758.58532608696,202,258,0.2488,2244516
20221104-120000.000,0,626,3759.25,3759.25,3757.5,3758.5,779,3758.62098844673,433,346,0.2488,2244516
20221104-120100.000,0,630,3758.5,3759,3757,3757,712,3757.85358146067,419,293,0.249,2244516
20221104-120200.000,0,596,3756.75,3757.5,3755.25,3755.5,677,3756.18574593796,420,257,0.249,2244516
20221104-120300.000,0,526,3755.5,3756.25,3754.25,3754.5,608,3755.11307565789,351,257,0.2509,2244516
20221104-120400.000,0,341,3754.5,3754.75,3753.25,3753.25,369,3754.09214092141,240,129,0.2513,2244516
20221104-120500.000,0,524,3753.25,3753.5,3752.25,3752.5,629,3752.94674085851,351,278,0.2517,2244516
20221104-120600.000,0,922,3752.5,3753.25,3751.25,3752,1046,3752.13671128107,558,488,0.2517,2244516
20221104-120700.000,0,326,3752.25,3753,3752,3752.25,357,3752.39915966387,195,162,0.2492,2244516
20221104-120800.000,0,355,3752.25,3754,3752,3753.75,411,3753.2098540146,157,254,0.2492,2244516
20221104-120900.000,0,2567,3753.75,3758,3752,3753,3029,3754.89427203698,1520,1509,0.249,2244516
20221104-121000.000,0,730,3753.25,3753.25,3750.25,3753,863,3751.61066048667,463,400,0.2515,2244516
20221104-121100.000,0,588,3753,3754,3751.5,3753.5,681,3752.98788546256,374,307,0.2515,2244516
20221104-121200.000,0,608,3753.25,3753.25,3750.25,3751.75,712,3751.5466994382,449,263,0.2492,2244516
20221104-121300.000,0,485,3751.75,3751.75,3750.25,3750.75,574,3750.93292682927,346,228,0.2515,2244516
20221104-121400.000,0,640,3750.5,3751.5,3749.5,3750,750,3750.41933333333,446,304,0.2514,2244516
20221104-121500.000,0,712,3750,3750.75,3748.5,3749.75,920,3749.78016304348,527,393,0.2515,2244516
20221104-121600.000,0,714,3749.75,3751.75,3748.5,3751.5,814,3750.17813267813,393,421,0.2519,2244516
20221104-121700.000,0,457,3751.25,3751.75,3750.75,3751.25,534,3751.24344569288,314,220,0.2511,2244516
20221104-121800.000,0,680,3751.25,3751.25,3748.75,3749.5,777,3749.97168597169,488,289,0.2511,2244516
20221104-121900.000,0,676,3749.25,3750.25,3748.25,3749.75,766,3749.32963446475,398,368,0.2515,2244516
20221104-122000.000,0,1007,3749.5,3750,3748.5,3749.5,1324,3749.14237160121,606,718,0.2515,2244516
20221104-122100.000,0,611,3749.5,3751,3749,3749.5,711,3750.06610407876,398,313,0.2515,2244516
20221104-122200.000,0,673,3749.75,3752,3749.25,3751.25,835,3750.64880239521,326,509,0.2515,2244516
20221104-122300.000,0,590,3751.5,3752.25,3751.25,3751.5,631,3751.66204437401,304,327,0.2494,2244516
20221104-122400.000,0,562,3751.5,3752,3749.5,3749.75,646,3750.79721362229,369,277,0.2493,2244516
20221104-122500.000,0,637,3749.75,3751,3749,3750.25,740,3749.98277027027,351,389,0.2511,2244516
20221104-122600.000,0,492,3750.5,3750.75,3748.75,3749.75,638,3749.64263322884,406,232,0.2512,2244516
20221104-122700.000,0,490,3749.75,3750.5,3747.25,3749.25,677,3748.69313146233,376,301,0.2515,2244516
20221104-122800.000,0,1026,3749.25,3754,3745.75,3749.25,1565,3749.82843450479,856,709,0.2516,2244516
20221104-122900.000,0,741,3749.5,3750.25,3745.25,3749.25,1060,3748.05283018868,637,423,0.2492,2244516
20221104-123000.000,0,9192,3749,3767.25,3711,3734.5,16785,3732.64444444444,7654,7864,0.2529,2244516
20221104-123100.000,0,4837,3734.5,3738,3728.5,3730.25,6784,3732.88001179245,3612,3172,0.2558,2244516
20221104-123200.000,0,5218,3730.75,3752,3730.5,3745,6738,3741.36828435738,3104,3634,0.2551,2244516
20221104-123300.000,0,3281,3745,3746.25,3737.5,3740,4345,3741.26277330265,2226,2119,0.2483,2244516
20221104-123400.000,0,2590,3740.25,3742,3736,3736.5,3834,3739.03423317684,2098,1736,0.2481,2244516
20221104-123500.000,0,3688,3736.5,3755.75,3736.5,3755.75,4975,3746.32778894472,1691,3284,0.2512,2244516
20221104-123600.000,0,7592,3755.75,3769.5,3755.25,3763.5,10103,3762.87718994358,4851,5252,0.2454,2244516
20221104-123700.000,0,3000,3763.25,3763.25,3755.75,3757.5,3834,3758.52999478352,2112,1722,0.2454,2244516
20221104-123800.000,0,2867,3757.5,3764.75,3756.5,3758.5,3598,3760.54433018344,1706,1892,0.2454,2244516
20221104-123900.000,0,2333,3758,3759.5,3753.5,3756.75,2808,3755.86903490029,1468,1340,0.2458,2244516
20221104-124000.000,0,2799,3756.75,3757.5,3747.75,3748,3520,3752.48970170455,2125,1395,0.2458,2244516
20221104-124100.000,0,2662,3748,3752.25,3746.25,3746.75,3252,3748.48370233702,1557,1695,0.2467,2244516
20221104-124200.000,0,4115,3747,3747.5,3740.25,3746.5,5232,3743.54037652905,2911,2321,0.2474,2244516
20221104-124300.000,0,2098,3746.75,3747,3742,3742,2312,3745.16468425606,1296,1016,0.2476,2244516
20221104-124400.000,0,2370,3742,3752.5,3742,3750.25,2683,3748.86563548267,1146,1537,0.2472,2244516
20221104-124500.000,0,2569,3750.25,3756.25,3748.75,3756,2824,3753.33613668555,1133,1691,0.2469,2244516
20221104-124600.000,0,3086,3755.75,3760.5,3754.75,3760.25,3500,3757.79278571429,1421,2079,0.2476,2244516
20221104-124700.000,0,4468,3760,3766,3755.75,3764,5137,3762.23106871715,2290,2847,0.2471,2244516
20221104-124800.000,0,2787,3764,3764,3757,3758,3044,3760.33500328515,1842,1202,0.2479,2244516
20221104-124900.000,0,2127,3757.75,3758,3752.5,3753.5,2377,3755.5599495162,1343,1034,0.2483,2244516
20221104-125000.000,0,2396,3753.25,3760.5,3752.5,3760.25,2646,3756.96428571429,1117,1529,0.2477,2244516
20221104-125100.000,0,2194,3760.25,3762,3758.25,3761.5,2374,3760.48904802022,1116,1258,0.2477,2244516
20221104-125200.000,0,1334,3761.25,3762.75,3759.5,3760.25,1480,3761.01537162162,716,764,0.2475,2244516
20221104-125300.000,0,2289,3760.5,3760.75,3754.75,3755.75,2606,3756.7857828089,1550,1056,0.2479,2244516
20221104-125400.000,0,1683,3755.75,3759.25,3755.5,3757.5,1875,3757.49226666667,951,924,0.2462,2244516
20221104-125500.000,0,2199,3757.5,3761.5,3757.5,3760.5,2532,3759.89652448657,1080,1452,0.2459,2244516
20221104-125600.000,0,2129,3760.5,3760.5,3753.5,3754,2552,3756.18671630094,1627,925,0.2464,2244516
20221104-125700.000,0,3062,3754,3763.75,3753.25,3763.25,3540,3760.16052259887,1573,1967,0.2457,2244516
20221104-125800.000,0,2967,3763.25,3769.75,3763,3768.5,3778,3766.58820804659,1391,2387,0.2451,2244516
20221104-125900.000,0,3992,3768.25,3774.75,3766.5,3772.75,5300,3770.89773584906,2183,3117,0.2448,2244516
20221104-130000.000,0,4037,3773,3777.5,3772.25,3777.5,5073,3774.50901833235,2667,2406,0.245,2244516
20221104-130100.000,0,3210,3777.25,3778.5,3774,3777,3912,3776.44286809816,2099,1813,0.2447,2244516
20221104-130200.000,0,2410,3777,3779.25,3776.75,3778.25,3005,3778.01946755408,1334,1671,0.2443,2244516
20221104-130300.000,0,2359,3778.25,3779,3775.25,3778.5,2828,3777.04349363508,1371,1457,0.2437,2244516
20221104-130400.000,0,2211,3778.25,3779,3774.75,3775,2575,3776.9827184466,1471,1104,0.243,2244516
20221104-130500.000,0,2337,3775.25,3778,3773,3773.25,2839,3775.22005988024,1562,1277,0.2439,2244516
20221104-130600.000,0,2221,3773.5,3777.5,3772.75,3777.25,2756,3774.94648040639,1277,1479,0.244,2244516
20221104-130700.000,0,1448,3777.25,3777.75,3775.75,3776.25,1872,3777.04019764957,873,999,0.2438,2244516
20221104-130800.000,0,1319,3776.5,3778.25,3775.75,3778,1727,3776.96279675738,768,959,0.2438,2244516
20221104-130900.000,0,1983,3778,3780.25,3776.75,3777.75,2541,3778.99085005903,1160,1381,0.2436,2244516
20221104-131000.000,0,1832,3777.5,3778.25,3774.5,3774.75,2216,3776.47901624549,1355,861,0.2438,2244516
20221104-131100.000,0,1926,3774.5,3780.5,3774.5,3778.75,2314,3777.46531979257,920,1394,0.2438,2244516
20221104-131200.000,0,1861,3778.75,3781.25,3778.5,3780.75,2289,3780.13182612495,974,1315,0.2436,2244516
20221104-131300.000,0,2422,3780.75,3783.25,3780,3781.5,3131,3781.64795592462,1382,1749,0.2436,2244516
20221104-131400.000,0,1745,3781.5,3782.5,3780,3780.25,2096,3781.57752862595,1154,942,0.2439,2244516
20221104-131500.000,0,1933,3780.5,3781,3778.25,3780.75,2368,3779.49683277027,1216,1152,0.2438,2244516
20221104-131600.000,0,1437,3780.75,3782.5,3780.5,3781.75,1744,3781.50716743119,710,1034,0.2432,2244516
20221104-131700.000,0,1577,3781.75,3783,3779.75,3782.25,1923,3781.72282891316,799,1124,0.2437,2244516
20221104-131800.000,0,1358,3782,3782.75,3780,3780,1612,3781.60514888337,852,760,0.2439,2244516
20221104-131900.000,0,1466,3780,3782,3779.25,3779.5,1773,3780.49985899605,944,829,0.244,2244516
20221104-132000.000,0,1831,3779.5,3780,3777.25,3778,2313,3778.52950713359,1309,1004,0.2441,2244516
20221104-132100.000,0,1676,3777.75,3781,3777.5,3779.25,2060,3779.07099514563,918,1142,0.2442,2244516
20221104-132200.000,0,1684,3779.25,3782.25,3779.25,3781.25,2282,3780.97797984224,1103,1179,0.2439,2244516
20221104-132300.000,0,1877,3781.25,3781.5,3776.75,3777.5,2261,3778.74789915966,1400,861,0.2441,2244516
20221104-132400.000,0,1166,3777.5,3779.25,3777,3779,1436,3777.93819637883,648,788,0.244,2244516
20221104-132500.000,0,2758,3779,3784.75,3778.5,3783.25,3351,3781.93964488213,1421,1930,0.2436,2244516
20221104-132600.000,0,1828,3783.25,3784.25,3781.75,3783.5,2108,3783.29886148008,1077,1031,0.2436,2244516
20221104-132700.000,0,1999,3783.5,3786,3782.25,3784.75,2644,3784.11450453858,1168,1476,0.2434,2244516
20221104-132800.000,0,2358,3784.75,3785.5,3783,3784.25,2789,3784.28226963069,1461,1328,0.2436,2244516
20221104-132900.000,0,2727,3784.5,3787.25,3784.5,3786.5,3850,3785.99383116883,1743,2107,0.2437,2244516
20221104-133000.000,0,13672,3786.25,3790,3785.25,3787.75,18763,3787.77826040612,8550,10213,0.2435,2244516
20221104-133100.000,0,9042,3788,3789.5,3782.25,3784.25,11997,3784.71838793032,6028,5969,0.2435,2244516
20221104-133200.000,0,7853,3784.25,3784.25,3775,3776,9895,3779.56682668014,5431,4464,0.2431,2244516
20221104-133300.000,0,7672,3776.25,3780.75,3773.75,3774,9121,3777.57904834996,4867,4254,0.2444,2244516
20221104-133400.000,0,5371,3774.25,3778,3773.75,3774.75,6218,3775.86438565455,3078,3140,0.2442,2244516
20221104-133500.000,0,6785,3775,3779.75,3773.75,3774.75,7872,3776.90526549797,4018,3854,0.2437,2244516
20221104-133600.000,0,6739,3775,3776.25,3771.25,3772.25,8170,3773.84593023256,4344,3826,0.2436,2244516
20221104-133700.000,0,7156,3772.25,3775,3766.25,3766.5,8831,3769.97978711358,4730,4101,0.2439,2244516
20221104-133800.000,0,6028,3766.75,3769.25,3765.25,3767.5,7209,3767.34637258982,3273,3936,0.2446,2244516
20221104-133900.000,0,4974,3767.25,3770.25,3766.25,3767.25,5973,3768.12167252637,2914,3059,0.2439,2244516
20221104-134000.000,0,9120,3767.25,3767.25,3758,3759.25,12041,3761.08140935138,6644,5397,0.244,2244516
20221104-134100.000,0,7276,3759.25,3766,3758.75,3762.5,9269,3762.9913421081,4005,5264,0.2447,2244516
20221104-134200.000,0,6547,3762.75,3763,3758.75,3759.25,8457,3761.05285562256,4345,4112,0.2444,2244516
20221104-134300.000,0,7869,3759.25,3759.25,3751,3752.25,10154,3754.50344691747,5825,4329,0.2423,2244516
20221104-134400.000,0,8830,3752.25,3753.75,3744,3744.5,11045,3748.57612041648,5961,5084,0.2432,2244516
20221104-134500.000,0,8831,3744.75,3750,3744,3749.25,11164,3746.91029201003,5378,5786,0.2444,2244516
20221104-134600.000,0,7874,3749.25,3755.25,3749.25,3752,9803,3752.26453636642,4716,5087,0.2429,2244516
20221104-134700.000,0,5675,3752,3752.5,3747,3749.75,6898,3749.52975500145,3748,3150,0.2422,2244516
20221104-134800.000,0,5341,3749.75,3750.25,3746.75,3747.75,6504,3747.85997078721,3484,3020,0.2435,2244516
20221104-134900.000,0,9023,3748,3749,3738.75,3742.25,11575,3743.57177105832,6426,5149,0.2439,2244516
20221104-135000.000,0,6032,3742.25,3745.5,3741.5,3742.5,7561,3743.60064806243,3829,3732,0.2443,2244516
20221104-135100.000,0,7833,3742.5,3744.5,3738.25,3741,9674,3741.68221521604,4663,5011,0.2442,2244516
20221104-135200.000,0,5960,3741.25,3744.5,3740.25,3742.25,7240,3742.72064917127,3528,3712,0.2442,2244516
20221104-135300.000,0,6633,3742,3748.75,3741.5,3748,8376,3745.15532473735,3948,4428,0.2447,2244516
20221104-135400.000,0,7695,3748,3754.25,3747.25,3751.75,10143,3751.0728827763,4688,5455,0.2503,2244516
20221104-135500.000,0,5257,3752,3753.75,3750.75,3753.5,6555,3752.35804729214,3318,3237,0.2448,2244516
20221104-135600.000,0,8850,3753.5,3761.75,3753,3761,12220,3758.20879705401,5149,7071,0.2444,2244516
20221104-135700.000,0,6273,3761,3763,3758.75,3761.75,7771,3760.6799639686,4027,3744,0.2439,2244516
20221104-135800.000,0,4722,3762,3763,3760.25,3763,5546,3761.3159484313,2680,2866,0.2439,2244516
20221104-135900.000,0,6703,3762.75,3768.5,3762.75,3767.25,8350,3765.73703592814,3860,4490,0.2434,2244516
20221104-140000.000,0,12104,3767.25,3773.25,3766.5,3770.25,14684,3769.71942250068,7188,7496,0.2429,2244516
20221104-140100.000,0,6871,3770.25,3771,3766.25,3767,8048,3768.59670104374,4223,3825,0.2428,2244516
20221104-140200.000,0,6583,3767,3772,3764.5,3771,7836,3767.54374042879,3720,4116,0.2441,2244516
20221104-140300.000,0,5910,3771.25,3774.75,3768,3769.75,6972,3771.53040734366,3327,3645,0.2424,2244516
20221104-140400.000,0,5352,3769.75,3770.5,3765.5,3767.75,6594,3767.50481498332,3641,2953,0.2421,2244516
20221104-140500.000,0,5105,3767.75,3771,3766,3769.75,6105,3768.50778050778,2889,3216,0.2421,2244516
20221104-140600.000,0,6019,3770,3774.5,3769.5,3771.25,7118,3772.1784911492,3481,3637,0.2415,2244516
20221104-140700.000,0,6054,3771.25,3772.5,3763.25,3765.5,7050,3766.61687943262,3923,3127,0.2423,2244516
20221104-140800.000,0,5406,3765.75,3767.75,3763.5,3764.5,6680,3765.33506736527,3574,3106,0.2424,2244516
20221104-140900.000,0,5605,3764.75,3772.5,3764.5,3770,6739,3769.04670574269,2954,3785,0.241,2244516
20221104-141000.000,0,6701,3770.25,3772.75,3767.25,3769.25,8263,3769.65433256686,4081,4182,0.241,2244516
20221104-141100.000,0,6785,3769.25,3776.5,3769,3772.75,8171,3773.17378533839,3567,4604,0.2417,2244516
20221104-141200.000,0,7933,3772.75,3781.5,3771,3779.5,10103,3777.73799861427,4954,5149,0.2414,2244516
20221104-141300.000,0,6979,3779.5,3782.5,3778.5,3779.75,8731,3780.71933340969,4486,4245,0.2394,2244516
20221104-141400.000,0,5398,3779.5,3784.25,3779.5,3783,7058,3782.43624256163,3227,3831,0.2388,2244516
20221104-141500.000,0,7094,3783,3785.25,3781.5,3781.75,10020,3783.32228043912,4564,5456,0.2386,2244516
20221104-141600.000,0,5918,3782,3787.5,3781.5,3784.75,7177,3784.67489898286,3358,3819,0.2379,2244516
20221104-141700.000,0,4405,3784.75,3786.25,3780.25,3781,5322,3783.40595640737,2887,2435,0.2385,2244516
20221104-141800.000,0,5400,3781,3781.75,3777.5,3779,6719,3779.75721833606,3753,2966,0.2389,2244516
20221104-141900.000,0,4244,3779.25,3781,3778,3780,5149,3779.7012041173,2666,2483,0.2393,2244516
20221104-142000.000,0,3769,3780,3781.75,3778.75,3780.5,4423,3780.23931720552,2212,2211,0.2398,2244516
20221104-142100.000,0,3632,3780.5,3783.25,3779.75,3783.25,4256,3780.96434445489,1973,2283,0.2397,2244516
20221104-142200.000,0,4404,3783.25,3787.5,3781.25,3785.75,5367,3784.0722470654,2277,3090,0.239,2244516
20221104-142300.000,0,8055,3785.75,3792.75,3782.75,3791,10127,3788.47094401106,4123,6004,0.2389,2244516
20221104-142400.000,0,4555,3791,3792.75,3790,3792.75,5651,3791.13873650681,2845,2806,0.2397,2244516
20221104-142500.000,0,4597,3792.5,3794.5,3790.75,3791.75,5816,3792.67434662999,2862,2954,0.2391,2244516
20221104-142600.000,0,4064,3791.5,3794.75,3791.5,3793.5,4942,3793.05918656414,2376,2566,0.2381,2244516
20221104-142700.000,0,4865,3793.5,3796.25,3793,3795.5,6596,3794.65172073984,3217,3379,0.2377,2244516
20221104-142800.000,0,4186,3795.5,3797,3792.5,3796.75,5191,3795.13788287421,2650,2541,0.2378,2244516
20221104-142900.000,0,5435,3796.75,3797.5,3792.5,3793.25,7052,3795.41197532615,4145,2907,0.2381,2244516
20221104-143000.000,0,5364,3793.25,3796.75,3792,3796,6647,3794.58330825937,3215,3432,0.2391,2244516
20221104-143100.000,0,5359,3796,3799,3794.75,3795,6930,3796.67178932179,3317,3613,0.2383,2244516
20221104-143200.000,0,3352,3795,3796.5,3794,3795,4206,3795.48852829292,2161,2045,0.2383,2245550
20221104-143300.000,0,6191,3795.25,3795.25,3788.5,3790.25,7817,3791.28533964437,4599,3218,0.2429,2245550
20221104-143400.000,0,3443,3790.5,3793.75,3790.25,3792.5,4191,3791.69756621331,2165,2026,0.238,2245550
20221104-143500.000,0,4558,3792.75,3795.75,3790,3794.5,5550,3793.3672972973,2681,2869,0.2371,2245550
20221104-143600.000,0,4021,3794.5,3795,3789.5,3791,4923,3792.15737355271,2734,2189,0.2374,2245550
20221104-143700.000,0,3172,3790.75,3794.75,3790.75,3794.5,3666,3792.87677304965,1667,1999,0.2369,2245550
20221104-143800.000,0,3220,3794.25,3795.25,3793.5,3794.5,4254,3794.28767042783,2100,2154,0.2369,2245550
20221104-143900.000,0,2927,3794.5,3795.5,3793.25,3793.5,3718,3794.4892415277,1914,1804,0.2371,2245550
20221104-144000.000,0,3890,3793.75,3799,3793.5,3798.75,5137,3796.85302705859,2333,2804,0.2366,2245550
20221104-144100.000,0,7831,3798.75,3805.5,3798.75,3802.5,10656,3802.64698292042,4437,6219,0.2371,2245550
20221104-144200.000,0,5025,3802.75,3803.25,3796,3797.75,6335,3800.14601420679,3644,2691,0.2366,2245550
20221104-144300.000,0,3672,3797.75,3798.5,3795,3797.75,4322,3797.12766080518,2291,2031,0.2369,2245550
20221104-144400.000,0,3517,3797.75,3798.5,3795.25,3796.75,4242,3796.60731966054,2220,2022,0.2371,2245550
20221104-144500.000,0,3904,3796.75,3798.25,3794.25,3794.75,4914,3796.83572446072,2564,2350,0.2368,2245550
20221104-144600.000,0,3656,3795,3795.75,3792.5,3793.25,4362,3793.98372306282,2340,2022,0.2364,2245550
20221104-144700.000,0,2927,3793,3795.5,3792.25,3794,3621,3794.09948909141,1779,1842,0.2366,2245550
20221104-144800.000,0,2439,3793.75,3794.5,3792.5,3794,3097,3793.48216015499,1540,1557,0.2368,2245550
20221104-144900.000,0,3231,3794.25,3797.5,3794,3796.5,4155,3795.7325511432,1870,2285,0.2363,2245550
20221104-145000.000,0,4717,3796.75,3799,3792.75,3793.75,5733,3795.24045002616,3019,2714,0.2365,2245550
20221104-145100.000,0,4701,3793.75,3794.25,3788.75,3789.25,5781,3791.66554229372,3219,2562,0.2368,2245550
20221104-145200.000,0,6759,3789.25,3790.5,3784.25,3785.5,8624,3786.7716546846,4733,3891,0.2366,2245550
20221104-145300.000,0,5014,3785.25,3786.25,3781.5,3784.5,6397,3784.21850085978,3235,3162,0.2369,2245550
20221104-145400.000,0,3511,3784.75,3787.25,3784,3785.5,4365,3785.74060710195,2040,2325,0.2364,2245550
20221104-145500.000,0,4825,3785.5,3788,3784,3784.75,6322,3785.91897342613,3384,2938,0.2373,2245550
20221104-145600.000,0,3408,3785,3788.25,3784.25,3787.75,4506,3786.24711495783,2038,2468,0.2372,2245550
20221104-145700.000,0,3412,3787.75,3787.75,3782.5,3783.5,4748,3784.59582982308,2479,2269,0.2378,2245550
20221104-145800.000,0,3413,3783.5,3784,3780.5,3780.75,4639,3782.40148738952,2373,2266,0.2378,2245550
20221104-145900.000,0,3710,3780.75,3784.75,3780.5,3784.75,4432,3783.0010717509,1985,2447,0.2373,2245550
20221104-150000.000,0,4004,3784.75,3790.25,3784.75,3790,4632,3787.6766515544,1874,2758,0.2366,2245550
20221104-150100.000,0,3052,3790,3790.25,3787.5,3790,3431,3788.90257942291,1697,1734,0.2369,2245550
20221104-150200.000,0,2943,3790.25,3790.75,3788,3789.75,3549,3789.67251338405,1804,1745,0.2366,2245550
20221104-150300.000,0,3246,3789.75,3790.75,3786.75,3789.75,3739,3788.36500401177,1958,1781,0.2371,2245550
20221104-150400.000,0,2784,3789.75,3790.25,3785.75,3788,3088,3788.0942357513,1694,1394,0.2374,2245550
20221104-150500.000,0,3633,3787.75,3788.75,3784.25,3784.75,4411,3785.84776694627,2491,1920,0.2372,2245550
20221104-150600.000,0,3737,3784.75,3786.5,3782,3785,4819,3784.11278273501,2641,2178,0.2375,2245550
20221104-150700.000,0,4442,3785,3785.25,3780.25,3781.25,5860,3782.30029863481,3202,2658,0.2378,2245550
20221104-150800.000,0,3550,3781.25,3784,3780.25,3780.5,4333,3782.098546042,2252,2081,0.2377,2245550
20221104-150900.000,0,4945,3780.75,3780.75,3777,3779.75,6163,3778.59767970144,3420,2743,0.239,2245550
20221104-151000.000,0,3161,3779.75,3780.5,3778,3779.5,3765,3779.46394422311,1909,1856,0.2386,2245550
20221104-151100.000,0,3562,3779.5,3779.75,3774.25,3774.5,4461,3777.22876036763,2729,1732,0.2386,2245550
20221104-151200.000,0,4697,3774.75,3777.5,3772.75,3775.25,5701,3774.76697070689,2772,2929,0.2398,2245550
20221104-151300.000,0,4149,3775.5,3779.5,3775.25,3776.25,4947,3777.75854052961,2390,2557,0.2396,2245550
20221104-151400.000,0,2840,3776.25,3776.25,3773.75,3775.5,3265,3775.00145482389,1717,1548,0.2393,2245550
20221104-151500.000,0,3064,3775.5,3775.75,3772.5,3774.5,3617,3773.98666021565,1950,1667,0.2394,2245550
20221104-151600.000,0,2905,3774.5,3776.5,3774.25,3775,3502,3775.17133066819,1665,1837,0.2394,2245550
20221104-151700.000,0,2744,3775.25,3778.25,3774.75,3777.5,3234,3776.08356524428,1453,1781,0.2393,2245550
20221104-151800.000,0,3160,3777.5,3778.5,3776.5,3777.5,4073,3777.48048121778,1961,2112,0.2391,2245550
20221104-151900.000,0,4409,3777.75,3778,3771.25,3773,5644,3773.62460134656,3371,2273,0.2403,2245550
20221104-152000.000,0,2660,3773.25,3776,3772,3775.5,3222,3774.16092489137,1446,1776,0.2394,2245550
20221104-152100.000,0,2488,3775.5,3777,3773.5,3775,2929,3775.44759303517,1550,1379,0.2396,2245550
20221104-152200.000,0,2380,3775,3777.5,3774.25,3777.5,3013,3775.99601725855,1406,1607,0.2398,2245550
20221104-152300.000,0,2892,3777.5,3779.25,3777.25,3777.75,3456,3778.31792534722,1548,1908,0.2395,2245550
20221104-152400.000,0,2808,3777.75,3778.75,3775.75,3777.75,3376,3777.24563092417,1792,1584,0.2397,2245550
20221104-152500.000,0,2145,3777.75,3777.75,3776,3777,2582,3776.81419442293,1405,1177,0.2397,2245550
20221104-152600.000,0,3899,3777,3777.25,3770,3772.5,5017,3773.13982459637,2906,2111,0.2401,2245550
20221104-152700.000,0,8257,3772.5,3772.75,3761.75,3765,11038,3766.53714441022,6467,4571,0.2423,2245550
20221104-152800.000,0,6391,3764.75,3766,3760.25,3762.75,8451,3762.64273458762,4062,4389,0.2433,2245550
20221104-152900.000,0,5926,3762.75,3763.25,3757,3758.75,7895,3759.98106396453,4422,3473,0.2439,2245550
20221104-153000.000,0,5412,3758.75,3762.5,3757.5,3762.25,6991,3759.74481476184,3058,3933,0.2439,2245550
20221104-153100.000,0,5971,3762.5,3765,3760,3762.5,7316,3762.84834609076,3817,3499,0.2433,2245550
20221104-153200.000,0,3729,3762.25,3764.25,3760.25,3762.5,4746,3761.53776864728,2284,2462,0.2417,2245550
20221104-153300.000,0,3174,3762.25,3762.25,3759.5,3760.5,3835,3760.62992177314,2046,1789,0.2417,2245550
20221104-153400.000,0,3760,3760.5,3761.25,3758.25,3759.25,4788,3759.39405806182,2421,2367,0.2413,2245550
20221104-153500.000,0,3800,3759,3761.75,3758.25,3760.25,4596,3759.98738033072,2217,2379,0.2417,2245550
20221104-153600.000,0,3037,3760.5,3763.25,3759.75,3760.75,3734,3761.13229780396,1738,1996,0.2411,2245550
20221104-153700.000,0,7511,3760.5,3760.75,3750.5,3753,10044,3754.5901035444,5575,4469,0.2413,2245550
20221104-153800.000,0,6040,3752.75,3758,3751.75,3753.75,7508,3754.73428343101,3611,3897,0.243,2245550
20221104-153900.000,0,2953,3753.75,3754.75,3751.75,3752.25,3752,3753.01965618337,1836,1916,0.2422,2245550
20221104-154000.000,0,4648,3752,3752.75,3747.75,3748,6132,3750.1369047619,3462,2670,0.2423,2245550
20221104-154100.000,0,3764,3748,3750.5,3747,3747.75,4826,3748.71897016162,2255,2571,0.2424,2245550
20221104-154200.000,0,4119,3747.75,3748.5,3744.25,3745.25,5594,3746.33205219878,2755,2839,0.2426,2245550
20221104-154300.000,0,4166,3745,3748.5,3743.25,3746.75,5099,3746.13625220632,2247,2852,0.2443,2245550
20221104-154400.000,0,3024,3746.75,3747.75,3744.75,3746.75,3703,3746.43275722387,1859,1844,0.2442,2245550
20221104-154500.000,0,2406,3746.75,3747.25,3744.25,3745.5,2981,3745.76568265683,1515,1466,0.2439,2245550
20221104-154600.000,0,2560,3745.25,3746,3743.5,3744.25,3200,3744.627890625,1679,1521,0.244,2245550
20221104-154700.000,0,4072,3744.5,3744.75,3740.25,3741.75,5370,3742.74301675978,2968,2402,0.2441,2245550
20221104-154800.000,0,3764,3741.75,3743.25,3739.75,3740.75,5289,3741.39690867839,2648,2641,0.2451,2245550
20221104-154900.000,0,2214,3740.75,3741.25,3739.75,3740,2916,3740.46407750343,1574,1342,0.2443,2245550
20221104-155000.000,0,5448,3739.75,3740,3735,3735.5,6995,3737.41418870622,3953,3042,0.2443,2245550
20221104-155100.000,0,5340,3735.5,3736.5,3731.25,3732,7650,3734.13303921569,3949,3701,0.2453,2245550
20221104-155200.000,0,4926,3732,3733.25,3729.5,3730.5,6471,3731.46940194715,3134,3337,0.2463,2245550
20221104-155300.000,0,5481,3730.75,3730.75,3725.5,3726.5,7452,3727.7518115942,3883,3569,0.2472,2245550
20221104-155400.000,0,6461,3726.5,3733,3726.5,3731.25,8537,3730.89211666862,3905,4632,0.2481,2245550
20221104-155500.000,0,5121,3731.5,3734.25,3730.5,3733.5,6493,3732.75527491144,2972,3521,0.2465,2245550
20221104-155600.000,0,4269,3733.5,3734.75,3730.5,3731,5415,3732.43771929825,2712,2703,0.2454,2245550
20221104-155700.000,0,3305,3731,3731.75,3729.5,3730.25,4256,3730.70882283835,2177,2079,0.2463,2245550
20221104-155800.000,0,3597,3730,3730.75,3727.5,3730.75,4493,3728.91620298242,2305,2188,0.247,2245550
20221104-155900.000,0,5895,3730.75,3731,3723.75,3725.75,7564,3726.62136435748,4441,3123,0.2466,2245550
20221104-160000.000,0,6397,3725.75,3732,3724.5,3729.5,7830,3729.47656449553,3506,4324,0.2475,2245550
20221104-160100.000,0,3473,3729.5,3730.5,3726.25,3727.5,4312,3728.01414656772,2338,1974,0.2461,2245550
20221104-160200.000,0,5871,3727.5,3727.75,3721,3723,7672,3723.60932612096,4282,3390,0.2464,2245550
20221104-160300.000,0,6088,3722.75,3723.25,3716.75,3716.75,7772,3719.18270715389,4571,3201,0.2476,2245550
20221104-160400.000,0,5064,3716.75,3720.25,3716.5,3719.5,6727,3718.68418314256,3118,3609,0.2496,2245550
20221104-160500.000,0,6521,3719.25,3724,3716.5,3720.75,8105,3720.41156693399,3902,4203,0.2501,2245550
20221104-160600.000,0,4698,3720.75,3725.25,3720.75,3721.25,6420,3723.0820482866,3142,3278,0.2484,2245550
20221104-160700.000,0,4972,3721,3725.5,3719.25,3724,6794,3722.20025022078,3341,3453,0.2487,2245550
20221104-160800.000,0,5689,3723.75,3727.5,3723.25,3727,7596,3725.94724196946,3500,4096,0.2487,2245550
20221104-160900.000,0,6366,3727,3732.5,3726.5,3731.5,8827,3729.72991956497,4360,4467,0.2475,2245550
20221104-161000.000,0,4473,3731.5,3732.5,3729.5,3731.25,5794,3730.92664825682,3046,2748,0.2469,2245550
20221104-161100.000,0,2994,3731.25,3733,3731,3732.25,3657,3732.09057971015,1764,1893,0.2467,2245550
20221104-161200.000,0,3549,3732.25,3732.25,3728.25,3728.5,4741,3730.50348027842,2637,2104,0.2466,2245550
20221104-161300.000,0,3923,3728.25,3728.25,3724.5,3725.75,5164,3726.49893493416,2760,2404,0.2467,2245550
20221104-161400.000,0,3313,3725.75,3732.25,3725.25,3731.5,4147,3728.48426573427,1838,2309,0.2474,2245550
20221104-161500.000,0,3461,3731.5,3732.75,3730,3732,4649,3731.03775005378,2198,2451,0.2467,2245550
20221104-161600.000,0,2807,3732,3733.5,3730.75,3732.5,3794,3732.27556668424,1828,1966,0.2467,2245550
20221104-161700.000,0,6716,3732.5,3741.25,3732.25,3740.75,9216,3737.65858289931,3807,5409,0.2466,2245550
20221104-161800.000,0,5092,3740.75,3745.25,3739.75,3744,6793,3742.34281613426,3165,3628,0.2452,2245550
20221104-161900.000,0,3041,3744,3744.5,3741.25,3742.25,4029,3742.6973194341,2174,1855,0.2452,2245550
20221104-162000.000,0,2738,3742.25,3743,3741,3741,3651,3742.07710216379,1905,1746,0.2452,2245550
20221104-162100.000,0,3517,3741,3741.25,3737.75,3738,4656,3739.49838917526,2616,2040,0.2454,2245550
20221104-162200.000,0,3680,3738.25,3738.25,3734.75,3735,5056,3736.63721321203,2763,2293,0.2452,2245550
20221104-162300.000,0,2881,3735,3738.5,3735,3736.5,3931,3736.78167133045,1782,2149,0.2458,2245550
20221104-162400.000,0,2812,3736.5,3737.75,3733.5,3735.75,3753,3735.42992272848,1960,1793,0.2457,2245550
20221104-162500.000,0,2099,3736,3738,3734.75,3736.25,2573,3736.40458608628,1189,1384,0.2462,2245550
20221104-162600.000,0,1733,3736,3738,3735.5,3737.25,2312,3736.51708477509,1180,1132,0.2463,2245550
20221104-162700.000,0,4468,3737.25,3743.75,3737,3742.25,6192,3741.38121770026,2637,3555,0.2457,2245550
20221104-162800.000,0,3545,3742.5,3744.25,3741,3742.5,4662,3742.53378378378,2197,2465,0.2442,2245550
20221104-162900.000,0,3629,3742.75,3746,3742.5,3743.25,4874,3744.37458965942,2324,2550,0.2439,2245550
20221104-163000.000,0,3974,3743.25,3743.25,3738,3738,5168,3740.34926470588,2895,2273,0.2446,2245550
20221104-163100.000,0,2451,3738,3741.25,3737.75,3740,3123,3739.71461735511,1366,1757,0.245,2245550
20221104-163200.000,0,2290,3739.75,3741.5,3739,3739.5,3201,3740.20946579194,1616,1585,0.245,2245550
20221104-163300.000,0,2246,3739.25,3742.5,3738.75,3742.25,3018,3741.04498011928,1348,1670,0.2461,2245550
20221104-163400.000,0,3166,3742.5,3745.5,3741.5,3744.25,4355,3743.53909299656,2018,2337,0.246,2245550
20221104-163500.000,0,3266,3744.25,3744.25,3738.25,3738.25,4279,3740.60037391914,2559,1720,0.2457,2245550
20221104-163600.000,0,5328,3738.5,3739.25,3733.5,3737,6885,3735.94429920116,3605,3280,0.2461,2245550
20221104-163700.000,0,2576,3737.25,3737.5,3734,3735.75,3118,3735.25761706222,1560,1558,0.2467,2245550
20221104-163800.000,0,3260,3735.75,3736.25,3732.25,3732.5,4245,3733.60494699647,2371,1874,0.2467,2245550
20221104-163900.000,0,3690,3732.5,3733.5,3729,3729.75,4844,3731.30842279108,2664,2180,0.2471,2245550
20221104-164000.000,0,4187,3729.5,3730,3723.5,3723.75,5892,3727.89719110659,3429,2463,0.2473,2245550
20221104-164100.000,0,3693,3723.5,3727.75,3723.25,3726,4734,3725.70574566962,2172,2562,0.248,2245550
20221104-164200.000,0,4064,3726,3732,3726,3731.25,5216,3728.2701303681,2066,3150,0.2485,2245550
20221104-164300.000,0,3366,3731,3732.5,3726.5,3726.75,4100,3729.44993902439,2337,1763,0.2475,2245550
20221104-164400.000,0,1885,3726.75,3728.25,3726,3727.25,2215,3727.21568848758,1104,1111,0.248,2245550
20221104-164500.000,0,2572,3727.5,3729.75,3726,3726.25,2972,3728.12659825034,1450,1522,0.2485,2245550
20221104-164600.000,0,3602,3726.5,3727,3722.5,3723.75,4396,3724.40997497725,2634,1762,0.249,2245550
20221104-164700.000,0,2654,3723.75,3727.5,3723.5,3726,3265,3726.1790964778,1409,1856,0.2483,2245550
20221104-164800.000,0,2155,3726,3727,3724.5,3725.25,2776,3725.67164985591,1503,1273,0.248,2245550
20221104-164900.000,0,1889,3725.25,3726.5,3724.25,3725,2662,3725.25723140496,1447,1215,0.2492,2245550
20221104-165000.000,0,2697,3725.25,3730,3724.5,3728.75,3454,3727.3284597568,1349,2105,0.2492,2245550
20221104-165100.000,0,2186,3728.75,3729.75,3725.75,3727.25,2795,3727.76359570662,1411,1384,0.2486,2245550
20221104-165200.000,0,3088,3727.5,3730,3723.25,3725,3892,3726.1187692703,1988,1904,0.2485,2245550
20221104-165300.000,0,2640,3725,3727,3723.5,3725.75,3279,3724.78110704483,1501,1778,0.2492,2245550
20221104-165400.000,0,3134,3725.5,3730.5,3725,3728.5,4233,3728.2305102764,1776,2457,0.2492,2245550
20221104-165500.000,0,3364,3728.25,3732.25,3727,3729.5,4288,3729.61712919776,2065,2223,0.2478,2245550
20221104-165600.000,0,1888,3729.5,3729.5,3726.75,3726.75,2354,3728.08974086661,1264,1090,0.2475,2245550
20221104-165700.000,0,2304,3726.75,3727.25,3725,3726.5,2809,3726.18209327163,1565,1244,0.2478,2245550
20221104-165800.000,0,1904,3726.5,3730.75,3726,3729.75,2359,3728.67623993217,1070,1289,0.2477,2245550
20221104-165900.000,0,1594,3729.75,3730.5,3728.5,3728.5,1983,3729.54021684317,1062,921,0.2474,2245550
20221104-170000.000,0,2755,3728.75,3728.75,3724.25,3726.75,3376,3726.36381812796,1854,1522,0.2475,2245550
20221104-170100.000,0,2324,3727,3730.5,3726.25,3726.5,2794,3728.31460272011,1285,1509,0.2474,2245550
20221104-170200.000,0,2454,3726.25,3728.5,3724.5,3726.75,2910,3726.34793814433,1603,1307,0.2472,2245550
20221104-170300.000,0,1734,3726.5,3727.5,3724.25,3725.5,2104,3725.44593631179,1161,943,0.2473,2245550
20221104-170400.000,0,2939,3725.5,3731.5,3725.25,3731,3579,3728.73016205644,1659,1920,0.2472,2245550
20221104-170500.000,0,4041,3731.25,3735.5,3730.75,3734.25,4997,3733.4350110066,2164,2833,0.2471,2245550
20221104-170600.000,0,2938,3734.25,3736,3733,3733.75,3637,3734.75666758317,1824,1813,0.2459,2245550
20221104-170700.000,0,3559,3733.75,3735.25,3725.5,3725.5,4370,3729.87179633867,2608,1762,0.2457,2245550
20221104-170800.000,0,3062,3725.75,3727.5,3723.5,3724,3617,3725.88422726016,1977,1640,0.2474,2245550
20221104-170900.000,0,7158,3724.25,3724.75,3717,3717.5,9623,3720.05723267172,5506,4117,0.248,2245550
20221104-171000.000,0,5067,3717.5,3725,3717.5,3723.5,6556,3721.65367602196,2848,3708,0.2485,2245550
20221104-171100.000,0,6979,3723.75,3734.5,3723.25,3732,8884,3730.96566861774,3908,4976,0.2468,2245550
20221104-171200.000,0,4567,3732,3736.75,3730.5,3733.25,5623,3733.81571225325,2539,3084,0.2461,2245550
20221104-171300.000,0,3027,3733.25,3734,3730.25,3731.25,3779,3731.983328923,2090,1689,0.2462,2245550
20221104-171400.000,0,2377,3731,3735,3730.25,3734.5,2730,3732.43461538462,1187,1543,0.2464,2245550
20221104-171500.000,0,2685,3734.25,3735,3730.5,3733,3206,3732.95859326263,1605,1601,0.2462,2245550
20221104-171600.000,0,2670,3733,3733,3728.5,3729.75,3262,3730.13764561619,1807,1455,0.2466,2245550
20221104-171700.000,0,1675,3729.75,3730,3728,3729.25,1921,3729.04099427382,1013,908,0.2469,2245550
20221104-171800.000,0,1684,3729.25,3731.5,3728.5,3730.75,2017,3730.37667327714,904,1113,0.2473,2245550
20221104-171900.000,0,1632,3730.75,3732.25,3728.25,3731.5,1816,3730.25302863436,838,978,0.2473,2245550
20221104-172000.000,0,2594,3731.75,3733.25,3729.25,3729.25,2991,3731.57037780007,1440,1551,0.2471,2245550
20221104-172100.000,0,1820,3729.25,3731.25,3727.5,3727.75,2080,3729.12271634615,1108,972,0.2474,2245550
20221104-172200.000,0,2110,3728,3732.25,3728,3731.75,2328,3729.89121563574,1022,1306,0.2475,2245550
20221104-172300.000,0,1706,3731.75,3732.75,3730.25,3731.25,1861,3731.62493283181,960,901,0.2472,2245550
20221104-172400.000,0,1629,3731.5,3733.75,3730.5,3732.5,1826,3732.18989594743,754,1072,0.2475,2245550
20221104-172500.000,0,1849,3732.5,3732.75,3730,3732,2013,3731.53104818679,1063,950,0.2472,2245550
20221104-172600.000,0,1898,3732,3732.75,3729.75,3730,2187,3731.21250571559,1124,1063,0.2472,2245550
20221104-172700.000,0,2472,3730.25,3730.75,3726.5,3727.25,3106,3728.24742433999,1616,1490,0.2474,2245550
20221104-172800.000,0,2869,3727.25,3729.5,3724.5,3729.25,3440,3726.79200581395,1729,1711,0.2478,2245550
20221104-172900.000,0,1951,3729.25,3729.75,3726,3727,2345,3727.81641791045,1222,1123,0.2476,2245550
20221104-173000.000,0,2431,3727.25,3727.5,3724,3724.5,2903,3725.81596624182,1578,1325,0.2478,2245550
20221104-173100.000,0,3068,3724.5,3732,3724.5,3730.5,3630,3728.99524793388,1448,2182,0.2478,2245550
20221104-173200.000,0,1603,3730.5,3730.5,3725.75,3726.25,1816,3728.17593612335,1037,779,0.2473,2245550
20221104-173300.000,0,2307,3726.5,3728,3725.5,3725.5,2767,3726.69335019877,1385,1382,0.2475,2245550
20221104-173400.000,0,1762,3725.5,3727,3724.25,3724.25,2056,3725.43616245136,1097,959,0.2474,2245550
20221104-173500.000,0,2503,3724.25,3726.5,3722.5,3726.25,3077,3724.20523236919,1512,1565,0.2469,2245550
20221104-173600.000,0,1661,3726.25,3727.25,3724.5,3727.25,2013,3725.7610531545,965,1048,0.2475,2245550
20221104-173700.000,0,1800,3727,3728.5,3725.75,3728.5,2190,3727.44200913242,1058,1132,0.2475,2245550
20221104-173800.000,0,1923,3728.25,3731,3728,3729.5,2318,3729.58024158758,1089,1229,0.2472,2245550
20221104-173900.000,0,1706,3729.25,3731,3726.25,3726.75,1926,3728.73598130841,1040,886,0.2468,2245550
20221104-174000.000,0,1740,3726.75,3728.25,3723.75,3724,2039,3725.87322216773,1159,880,0.2472,2245550
20221104-174100.000,0,1573,3724,3725,3722.5,3724.25,1754,3723.84136259977,847,907,0.2466,2245550
20221104-174200.000,0,1310,3724.5,3726.75,3723.75,3723.75,1450,3725.25982758621,679,771,0.2466,2245550
20221104-174300.000,0,931,3724,3724.75,3723,3724.5,1029,3724.01239067055,497,532,0.2467,2245550
20221104-174400.000,0,1094,3724.25,3725.25,3723,3724,1240,3723.94173387097,662,578,0.2467,2245550
20221104-174500.000,0,1956,3724,3724.25,3720.75,3722.75,2270,3722.55253303965,1339,931,0.2467,2245550
20221104-174600.000,0,2839,3722.75,3726.25,3721.25,3725.25,4957,3722.93781521081,2308,2649,0.2469,2245550
20221104-174700.000,0,2234,3725.25,3726.5,3723,3724.75,3221,3724.26241850357,1707,1514,0.2465,2245550
20221104-174800.000,0,1421,3724.5,3727.25,3724,3727,1667,3725.75284943011,678,989,0.2463,2245550
20221104-174900.000,0,1611,3727,3728.75,3726.5,3728.25,1933,3727.7609932747,950,983,0.2461,2245550
20221104-175000.000,0,1694,3728.25,3728.75,3724.75,3725.5,2008,3727.09661354582,1080,928,0.2458,2245550
20221104-175100.000,0,1291,3725.5,3725.5,3723.5,3725,1520,3724.49243421053,795,725,0.2461,2245550
20221104-175200.000,0,1078,3725.25,3727,3724.75,3726,1293,3726.17826759474,647,646,0.246,2245550
20221104-175300.000,0,1785,3726,3729.25,3726,3728.25,2619,3727.712294769,1299,1320,0.2458,2245550
20221104-175400.000,0,858,3728.25,3728.5,3727,3727.75,1012,3727.72776679842,464,548,0.2458,2245550
20221104-175500.000,0,1607,3727.5,3728,3724.75,3724.75,2001,3725.7400049975,1121,880,0.2459,2245550
20221104-175600.000,0,1507,3724.75,3725.5,3722.75,3723,1869,3723.8113964687,1015,854,0.2459,2245550
20221104-175700.000,0,2250,3723,3726,3722.5,3723,3165,3724.47132701422,1733,1432,0.246,2245550
20221104-175800.000,0,2419,3723.25,3724.5,3722,3722.75,4105,3723.06181485993,1922,2183,0.246,2245550
20221104-175900.000,0,1494,3722.75,3723.75,3721.5,3723.5,1935,3722.6357881137,1000,935,0.2461,2245550
20221104-180000.000,0,2937,3723.25,3726,3722.5,3723.75,3706,3723.94016459795,1816,1890,0.246,2245550
20221104-180100.000,0,2124,3723.5,3724.5,3721.5,3723.75,2941,3723.20894253655,1512,1429,0.2459,2245550
20221104-180200.000,0,1590,3723.5,3726,3723.5,3725.5,1890,3724.81283068783,958,932,0.2461,2245550
20221104-180300.000,0,2752,3725.25,3728.5,3725.25,3727.5,3398,3727.16031489111,1619,1779,0.246,2245550
20221104-180400.000,0,2581,3727.25,3727.5,3722.75,3722.75,3484,3724.66195464983,1945,1539,0.246,2245550
20221104-180500.000,0,3509,3722.5,3723.5,3719.25,3719.5,4851,3720.87543805401,2615,2236,0.2464,2245550
20221104-180600.000,0,3841,3719.5,3720.5,3715.25,3716.5,5078,3718.01412957857,3086,1992,0.2473,2245550
20221104-180700.000,0,4004,3716.5,3722.75,3715.5,3721.5,4976,3719.9272005627,2140,2836,0.2476,2245550
20221104-180800.000,0,2329,3721.25,3721.5,3718.5,3719.75,2930,3720.24078498294,1415,1515,0.2468,2245550
20221104-180900.000,0,1673,3719.5,3720,3718,3718.75,2330,3718.57306866953,1280,1050,0.2471,2245550
20221104-181000.000,0,1831,3718.5,3720.25,3717.5,3720,2269,3718.97212428383,1165,1104,0.247,2245550
20221104-181100.000,0,1889,3720,3723.25,3719.75,3722.75,2218,3721.8488503156,894,1324,0.2469,2245550
20221104-181200.000,0,1533,3722.75,3722.75,3719.25,3719.75,1862,3720.95945220193,1007,855,0.2467,2245550
20221104-181300.000,0,1499,3719.75,3722.25,3719.75,3721.5,1928,3721.00687240664,936,992,0.2467,2245550
20221104-181400.000,0,1277,3721.25,3722.75,3720.25,3721.5,1738,3721.50747986191,910,828,0.2467,2245550
20221104-181500.000,0,1874,3721.5,3723,3719,3719.75,2458,3721.07536615134,1261,1197,0.2466,2245550
20221104-181600.000,0,1755,3719.5,3721.75,3718.75,3720.25,2300,3720.27076086957,980,1320,0.2468,2245550
20221104-181700.000,0,3228,3720.5,3727,3720.5,3726.5,3824,3724.44861401674,1389,2435,0.2468,2245550
20221104-181800.000,0,4022,3726.25,3732,3725.5,3730.5,5265,3728.90384615385,2302,2963,0.2465,2245550
20221104-181900.000,0,3084,3730.75,3733.5,3729.25,3733.5,3788,3731.21337117212,1726,2062,0.2461,2245550
20221104-182000.000,0,2617,3733.25,3733.25,3729.75,3731.75,3165,3731.30410742496,1678,1487,0.2461,2245550
20221104-182100.000,0,2035,3731.75,3732.25,3728.75,3730.75,2363,3730.36838764283,1200,1163,0.2462,2245550
20221104-182200.000,0,2737,3730.5,3735.25,3730.5,3733.75,3444,3733.14953542393,1284,2160,0.246,2245550
20221104-182300.000,0,1908,3733.5,3734,3731.5,3733.25,2134,3732.95794283037,1068,1066,0.2458,2245550
20221104-182400.000,0,1977,3733,3736.5,3732.75,3735.75,2365,3734.78509513742,986,1379,0.2457,2245550
20221104-182500.000,0,2058,3735.5,3735.5,3732,3733.75,2401,3733.54945855893,1402,999,0.2458,2245550
20221104-182600.000,0,1566,3733.5,3735.5,3732.5,3735,1869,3734.12600321027,881,988,0.246,2245550
20221104-182700.000,0,1046,3734.75,3735.5,3734,3735.5,1376,3734.67787063954,665,711,0.246,2245550
20221104-182800.000,0,4121,3735.25,3741.5,3735.25,3739.25,5265,3739.07744539411,2266,2999,0.246,2245550
20221104-182900.000,0,2662,3739.25,3739.5,3736,3738.25,3441,3737.9672333624,1899,1542,0.2454,2245550
20221104-183000.000,0,2342,3738.25,3739.5,3735,3735.25,2681,3737.09819097352,1515,1166,0.2455,2245550
20221104-183100.000,0,1983,3735.25,3738.25,3734.5,3737.75,2397,3736.18648310388,1014,1383,0.2454,2245550
20221104-183200.000,0,1810,3737.75,3740.25,3737,3739.25,2368,3738.93369932432,1148,1220,0.2451,2245550
20221104-183300.000,0,2349,3739.5,3740,3737.75,3738.25,2830,3739.03692579505,1503,1327,0.245,2245550
20221104-183400.000,0,1350,3738.25,3739,3737,3738,1664,3737.96514423077,875,789,0.2448,2245550
20221104-183500.000,0,1847,3738,3740.75,3737.5,3740.75,2273,3738.76594808623,1061,1212,0.2449,2245550
20221104-183600.000,0,3402,3740.5,3741,3735.75,3736.75,4297,3738.08052129393,2190,2107,0.2445,2245550
20221104-183700.000,0,1421,3737,3739.75,3735.75,3739.5,1672,3737.47458133971,810,862,0.2447,2245550
20221104-183800.000,0,2513,3739.5,3743,3738.25,3742.25,3323,3740.72231417394,1422,1901,0.2445,2245550
20221104-183900.000,0,2718,3742.25,3743.75,3741.25,3742,3831,3742.51337770817,1811,2020,0.2443,2245550
20221104-184000.000,0,2075,3742,3743.25,3740.75,3742.25,2684,3741.87909836066,1500,1184,0.2442,2245550
20221104-184100.000,0,1215,3742.5,3742.75,3741.25,3741.75,1382,3741.86251808973,774,608,0.2438,2245550
20221104-184200.000,0,2250,3741.75,3746,3741.75,3745.5,2892,3744.47717842324,1200,1692,0.2439,2245550
20221104-184300.000,0,5207,3745.75,3752.75,3745.5,3751,7350,3749.67074829932,3341,4009,0.2439,2245550
20221104-184400.000,0,3305,3751,3754.25,3750.5,3753,4383,3752.49937257586,2250,2133,0.244,2245550
20221104-184500.000,0,3333,3753,3753.5,3749.25,3751.75,4860,3751.31512345679,2667,2193,0.2445,2245550
20221104-184600.000,0,2616,3751.5,3754,3749.75,3752,3762,3751.49282296651,1828,1934,0.2444,2245550
20221104-184700.000,0,2282,3752,3752.75,3749.5,3750,2986,3751.60892498326,1620,1366,0.2436,2245550
20221104-184800.000,0,2306,3749.75,3750,3748,3749.25,3314,3749.14325588413,1760,1554,0.244,2245550
20221104-184900.000,0,2941,3749,3749,3745.75,3747.75,3952,3747.21697874494,2133,1819,0.2443,2245550
20221104-185000.000,0,3434,3747.5,3752,3747.5,3750.75,5426,3750.15121636565,2457,2969,0.2442,2245550
20221104-185100.000,0,2170,3750.5,3751.5,3748.5,3750.75,3573,3750.1766722642,1716,1857,0.2444,2245550
20221104-185200.000,0,2232,3750.75,3752.75,3749.5,3750,2801,3751.40815780079,1405,1396,0.2443,2245550
20221104-185300.000,0,1889,3749.75,3750.25,3748.25,3749.75,2973,3749.46955936764,1529,1444,0.2444,2245550
20221104-185400.000,0,2093,3749.75,3751.75,3749.5,3750.75,3020,3750.67549668874,1543,1477,0.2436,2245550
20221104-185500.000,0,2035,3750.75,3753.25,3750.75,3753,2920,3752.22063356164,1381,1539,0.2435,2245550
20221104-185600.000,0,4353,3752.75,3758,3752.75,3756.25,5902,3756.01601152152,2518,3384,0.2435,2245550
20221104-185700.000,0,2676,3756.25,3758,3755.5,3756.75,3664,3756.64621997817,1825,1839,0.2435,2245550
20221104-185800.000,0,2940,3756.5,3758,3754.5,3756.5,3818,3756.48801728654,1840,1978,0.2435,2245550
20221104-185900.000,0,1921,3756.5,3757,3754.75,3755.5,2264,3755.67833480565,1123,1141,0.2433,2245550
20221104-190000.000,0,3580,3755.5,3756,3751.75,3752.25,4366,3753.8516376546,2576,1790,0.2434,2245550
20221104-190100.000,0,3039,3752.5,3756.75,3752.25,3756.5,3845,3754.79434330299,1774,2071,0.2432,2245550
20221104-190200.000,0,2568,3756.5,3756.75,3753.75,3755.25,3359,3755.43926763918,1843,1516,0.2428,2245550
20221104-190300.000,0,1960,3755.5,3757,3754.75,3757,2502,3755.90117905676,1217,1285,0.2444,2245550
20221104-190400.000,0,2050,3757,3758,3755.5,3756,2566,3756.95898285269,1317,1249,0.2447,2245550
20221104-190500.000,0,4163,3756,3761.5,3755.75,3759,5559,3758.90281525454,2342,3217,0.2449,2245550
20221104-190600.000,0,2246,3758.75,3759.5,3757.25,3757.5,2982,3758.25251509054,1477,1505,0.2448,2245550
20221104-190700.000,0,2067,3757.5,3760.75,3757,3760.25,2571,3759.28140801245,1099,1472,0.2433,2245550
20221104-190800.000,0,3098,3760,3761.5,3758.75,3761.5,4345,3759.99234752589,2004,2341,0.243,2245550
20221104-190900.000,0,3478,3761.75,3765,3761.25,3764,4640,3763.56535560345,2064,2576,0.2426,2245550
20221104-191000.000,0,3400,3764,3766.25,3763.25,3765.75,4334,3764.97548454084,2215,2119,0.2425,2245550
20221104-191100.000,0,2988,3765.75,3767,3763.25,3764.5,4235,3765.1492325856,2301,1934,0.2426,2245550
20221104-191200.000,0,2407,3764.5,3767.5,3764.25,3767.25,3728,3765.95875804721,1617,2111,0.2425,2245550
20221104-191300.000,0,3639,3767.25,3768.75,3763.25,3764.5,4771,3765.84783064347,2626,2145,0.2435,2245550
20221104-191400.000,0,1889,3764.5,3765.25,3763.25,3764.75,2309,3764.25638804677,1159,1150,0.2439,2245550
20221104-191500.000,0,2915,3765,3767.75,3764.75,3766.25,4093,3766.14072807232,2127,1966,0.2441,2245550
20221104-191600.000,0,3083,3766.25,3766.5,3763,3764.25,4252,3764.63528927564,2180,2072,0.2443,2245550
20221104-191700.000,0,2460,3764.25,3765.5,3763.25,3764.5,3226,3764.30881897086,1662,1564,0.2442,2245550
20221104-191800.000,0,2673,3764.25,3765.5,3762.25,3765,3613,3764.13783559369,1871,1742,0.2446,2245550
20221104-191900.000,0,1739,3765.25,3765.5,3763,3763.25,2417,3764.22600330989,1301,1116,0.2441,2245550
20221104-192000.000,0,4527,3763.25,3763.5,3757.5,3759,5686,3760.00567182554,3458,2228,0.2443,2245550
20221104-192100.000,0,3255,3759,3761.25,3758.25,3758.75,4195,3759.69833134684,1963,2232,0.2445,2245550
20221104-192200.000,0,2938,3758.75,3759.5,3755.75,3756.75,3733,3757.36257701581,2056,1677,0.2446,2245550
20221104-192300.000,0,2175,3756.75,3758.5,3756.25,3756.5,2789,3757.23924345644,1362,1427,0.2424,2245550
20221104-192400.000,0,1805,3756.5,3757.25,3755.75,3756.25,2382,3756.44175062972,1233,1149,0.2426,2245550
20221104-192500.000,0,2093,3756.25,3759,3755.75,3758.75,2738,3757.26050036523,1147,1591,0.2427,2245550
20221104-192600.000,0,2533,3758.75,3761.25,3757.5,3760.75,3548,3759.47322435175,1653,1895,0.2424,2245550
20221104-192700.000,0,2583,3760.75,3763.5,3760.5,3762.25,3195,3762.18896713615,1406,1789,0.2424,2245550
20221104-192800.000,0,2430,3762,3764.75,3761.25,3762.75,3042,3762.93080210388,1508,1534,0.2425,2245550
20221104-192900.000,0,2866,3762.75,3762.75,3759.75,3761.5,3818,3761.59186746988,2015,1803,0.2422,2245550
20221104-193000.000,0,3518,3761.5,3762,3756.25,3759.25,4453,3758.32180552437,2346,2107,0.2434,2245550
20221104-193100.000,0,3245,3759.5,3762.5,3758.5,3761.25,4116,3760.59772837707,1816,2300,0.2432,2245550
20221104-193200.000,0,2445,3761.25,3763.75,3761.25,3762.5,3271,3762.44863955977,1421,1850,0.243,2245550
20221104-193300.000,0,3066,3762.75,3764.25,3759.75,3764,3977,3762.2865225044,1885,2092,0.2427,2245550
20221104-193400.000,0,5453,3764,3769.75,3764,3769.75,7451,3767.71869547712,3123,4328,0.2431,2245550
20221104-193500.000,0,2962,3769.75,3770.25,3765.75,3767.25,3859,3768.14816014512,2109,1750,0.244,2245550
20221104-193600.000,0,2832,3767.25,3767.25,3762.5,3762.5,3436,3764.58185389988,1926,1510,0.2438,2245550
20221104-193700.000,0,1864,3762.75,3765.75,3762.5,3764.75,2411,3764.30609705516,1127,1284,0.2441,2245550
20221104-193800.000,0,2179,3764.75,3767.75,3764.25,3765.75,2907,3765.95854833161,1305,1602,0.244,2245550
20221104-193900.000,0,2651,3766,3768.5,3766,3768,3622,3767.31115405853,1584,2038,0.2441,2245550
20221104-194000.000,0,2429,3768,3768,3765.75,3766.5,3454,3766.80949623625,1795,1659,0.244,2245550
20221104-194100.000,0,3117,3766.5,3767.5,3764.25,3767.25,4265,3765.9131887456,2239,2026,0.2442,2245550
20221104-194200.000,0,2168,3767.25,3767.25,3765,3767,2932,3766.00486016371,1437,1495,0.2436,2245550
20221104-194300.000,0,2966,3767,3769.5,3766.5,3769.25,4122,3768.29245511887,1479,2643,0.2431,2245550
20221104-194400.000,0,5197,3769.25,3775,3769,3774.75,7518,3772.40951715882,2900,4618,0.2432,2245550
20221104-194500.000,0,3810,3774.5,3775.75,3773.75,3775.25,5693,3774.56187423151,3039,2654,0.2441,2245550
20221104-194600.000,0,5954,3775.25,3780.75,3774.75,3779,9338,3777.86777147141,4425,4913,0.2446,2245550
20221104-194700.000,0,4456,3779,3780.25,3775,3775.25,6210,3777.81034621578,3508,2702,0.2452,2245550
20221104-194800.000,0,4695,3775.25,3777,3773.75,3774,6553,3775.40924004273,3612,2941,0.2452,2245550
20221104-194900.000,0,3829,3774,3775,3772,3772.75,5799,3773.3560958786,3356,2443,0.2451,2245550
20221104-195000.000,0,5709,3772.5,3774.75,3767.75,3768.25,7866,3769.98954360539,4178,3688,0.2455,2245550
20221104-195100.000,0,5073,3768.25,3770.75,3766,3767.25,7141,3768.14367735611,3578,3563,0.2455,2245550
20221104-195200.000,0,4649,3767,3769.25,3766,3769,7502,3767.69918021861,3522,3980,0.2447,2245550
20221104-195300.000,0,2884,3769,3769.75,3767.75,3769.75,3977,3768.87226552678,2073,1904,0.2446,2245550
20221104-195400.000,0,3753,3769.5,3771.5,3768.5,3770.25,5550,3769.65792792793,2782,2768,0.2445,2245550
20221104-195500.000,0,5347,3770.25,3775,3770.25,3774.25,7784,3773.3970323741,3307,4477,0.2446,2245550
20221104-195600.000,0,3356,3774,3775,3772.5,3774.5,5019,3773.83263598326,2339,2680,0.2448,2245550
20221104-195700.000,0,4712,3774.25,3774.75,3770.5,3771.25,7584,3772.36224287975,4113,3471,0.2448,2245550
20221104-195800.000,0,5089,3771.25,3774.25,3771.25,3773.5,9737,3772.78989935298,3793,5944,0.2447,2245550
20221104-195900.000,0,18873,3773.75,3781.5,3773.5,3780.25,51945,3778.54322360189,22062,29883,0.2421,2245550
20221104-200000.000,0,11073,3780.25,3782.25,3779.25,3780.25,22379,3780.44603199428,10517,11862,0.2423,2245550
20221104-200100.000,0,3120,3780.25,3784,3780,3783,4649,3782.12825338783,2149,2500,0.2433,2245550
20221104-200200.000,0,3108,3782.75,3785.25,3782.75,3783,5036,3783.94301032566,2358,2678,0.2429,2245550
20221104-200300.000,0,1712,3783,3783.25,3781.75,3782.5,2545,3782.51974459725,1388,1157,0.2426,2245550
20221104-200400.000,0,1653,3782.25,3783,3781.25,3781.5,2561,3782.10630613042,1187,1374,0.2426,2245550
20221104-200500.000,0,1304,3781.5,3781.5,3780,3781,2142,3780.64028944911,1145,997,0.2427,2245550
20221104-200600.000,0,551,3781,3781,3780.5,3780.5,895,3780.70558659218,459,436,0.2426,2245550
20221104-200700.000,0,1154,3780.5,3780.75,3778.75,3779.5,1937,3779.63448631905,1096,841,0.2427,2245550
20221104-200800.000,0,691,3779.25,3779.75,3779,3779.25,1011,3779.37116716123,470,541,0.2429,2245550
20221104-200900.000,0,646,3779.5,3779.5,3778.5,3778.5,1019,3778.80814524043,486,533,0.2431,2245550
20221104-201000.000,0,705,3778.75,3779.25,3778.5,3779,1215,3778.74403292181,638,577,0.243,2245550
20221104-201100.000,0,538,3779,3779.5,3778.5,3778.75,995,3778.94522613065,553,442,0.2426,2245550
20221104-201200.000,0,455,3779,3779,3778.5,3778.5,831,3778.74277978339,401,430,0.2424,2245550
20221104-201300.000,0,1582,3778.5,3778.75,3775.25,3776.25,2850,3776.79438596491,1688,1162,0.2416,2245550
20221104-201400.000,0,1295,3776.25,3776.25,3774,3774.75,2356,3774.91680814941,1224,1132,0.2414,2245550
20221104-201500.000,0,617,3774.5,3777.25,3774.5,3776.5,1029,3776.04008746356,397,632,0.2413,2245550
20221104-201600.000,0,249,3776.75,3777,3775.75,3776.75,364,3776.53228021978,177,187,0.2412,2245550
20221104-201700.000,0,175,3776.75,3777,3776.25,3776.5,252,3776.81051587302,100,152,0.2412,2245550
20221104-201800.000,0,362,3776.5,3777.75,3776.25,3777.5,551,3776.96460980036,280,271,0.2413,2245550
20221104-201900.000,0,306,3777.5,3777.75,3776.5,3777,539,3776.91929499072,320,219,0.2412,2245550
20221104-202000.000,0,110,3776.75,3777.25,3776.25,3777.25,194,3776.80283505155,95,99,0.2413,2245550
20221104-202100.000,0,152,3777.25,3777.25,3776.5,3776.5,222,3776.76801801802,150,72,0.2413,2245550
20221104-202200.000,0,326,3776.75,3777.25,3775.5,3776.25,464,3776.39439655172,239,225,0.2413,2245550
20221104-202300.000,0,100,3776,3776.75,3776,3776.5,126,3776.38492063492,41,85,0.2413,2245550
20221104-202400.000,0,144,3776.5,3776.75,3776,3776,229,3776.27510917031,111,118,0.2413,2245550
20221104-202500.000,0,153,3776.25,3777,3775.75,3775.75,201,3776.33333333333,106,95,0.2413,2245550
20221104-202600.000,0,73,3775.75,3776.75,3775.75,3776.5,109,3776.35550458716,39,70,0.2413,2245550
20221104-202700.000,0,165,3776.5,3776.5,3775.75,3775.75,193,3776.02849740933,88,105,0.2413,2245550
20221104-202800.000,0,191,3776,3776,3775.5,3776,268,3775.77425373134,130,138,0.2414,2245550
20221104-202900.000,0,185,3776,3776.75,3776,3776.25,218,3776.39793577982,80,138,0.2413,2245550
20221104-203000.000,0,111,3776.25,3776.25,3775.25,3775.5,154,3775.67857142857,107,47,0.2413,2245550
20221104-203100.000,0,152,3775.5,3776.25,3775.5,3775.75,213,3775.8427230047,97,116,0.2413,2245550
20221104-203200.000,0,148,3776,3776,3775,3775.25,278,3775.38758992806,144,134,0.2413,2245550
20221104-203300.000,0,113,3775.25,3776,3775.25,3776,249,3775.6234939759,82,167,0.2414,2245550
20221104-203400.000,0,112,3775.75,3776.5,3775.75,3776.25,137,3776.07299270073,56,81,0.2413,2245550
20221104-203500.000,0,132,3776.25,3776.25,3775.5,3776,192,3775.89453125,79,113,0.2417,2245550
20221104-203600.000,0,69,3776,3776,3775.75,3776,95,3775.96578947368,48,47,0.2418,2245550
20221104-203700.000,0,219,3776.25,3776.25,3775.25,3775.5,367,3775.51839237057,226,141,0.2416,2245550
20221104-203800.000,0,179,3775.5,3776.25,3775,3776.25,295,3775.40677966102,149,146,0.2416,2245550
20221104-203900.000,0,153,3776.25,3776.25,3775.25,3775.25,198,3775.87121212121,128,70,0.2415,2245550
20221104-204000.000,0,120,3775.5,3775.75,3775.25,3775.5,187,3775.48395721925,100,87,0.2415,2245550
20221104-204100.000,0,97,3775.5,3775.5,3775,3775.25,154,3775.34090909091,95,59,0.2414,2245550
20221104-204200.000,0,133,3775.5,3776,3775.25,3775.75,255,3775.52254901961,94,161,0.2414,2245550
20221104-204300.000,0,113,3775.75,3776,3775.25,3775.25,173,3775.42196531792,102,71,0.2415,2245550
20221104-204400.000,0,105,3775.5,3775.5,3775,3775.25,147,3775.29591836735,68,79,0.2415,2245550
20221104-204500.000,0,91,3775,3775.25,3774.75,3774.75,155,3775.03387096774,122,33,0.2415,2245550
20221104-204600.000,0,227,3774.75,3775,3773.75,3774,349,3774.31088825215,239,110,0.2415,2245550
20221104-204700.000,0,139,3774,3774.75,3773.75,3774.25,218,3774.1754587156,101,117,0.2415,2245550
20221104-204800.000,0,287,3774.25,3774.5,3773.25,3773.25,401,3773.82668329177,236,165,0.2415,2245550
20221104-204900.000,0,306,3773.25,3773.25,3772,3772.25,500,3772.6105,308,192,0.2416,2245550
20221104-205000.000,0,307,3772.25,3773,3771.75,3772.75,407,3772.33845208845,216,191,0.2417,2245550
20221104-205100.000,0,134,3772.75,3773.75,3772.75,3773.25,228,3773.36184210526,85,143,0.2417,2245550
20221104-205200.000,0,185,3773,3773.5,3772.5,3773,270,3773.14444444444,97,173,0.2417,2245550
20221104-205300.000,0,199,3773.25,3773.5,3772.25,3772.25,270,3773.11666666667,120,150,0.2416,2245550
20221104-205400.000,0,101,3772.5,3772.5,3772,3772.25,123,3772.36788617886,66,57,0.2416,2245550
20221104-205500.000,0,374,3772.25,3772.25,3770.75,3771.5,607,3771.284184514,333,274,0.2417,2245550
20221104-205600.000,0,208,3771.5,3771.75,3770.75,3771.25,334,3771.21332335329,161,173,0.2417,2245550
20221104-205700.000,0,223,3771,3771.75,3770.25,3771.75,262,3770.70610687023,108,154,0.2417,2245550
20221104-205800.000,0,186,3771.5,3772.25,3771,3772.25,274,3771.66423357664,84,190,0.2417,2245550
20221104-205900.000,0,377,3771.75,3773.25,3771,3772.75,650,3772.25153846154,249,401,0.242,2245550
